#MFParameters:New
nxu
64
1
1
1
1
1
1
1
1
0
0
0
0
0
0
0
0
1
1
1
1
1
1
1
1
0
0
0
0
0
0
0
0
1
1
1
1
1
1
1
1
0
0
0
0
0
0
0
0
1
1
1
1
1
1
1
1
0
0
0
0
0
0
0
0

nxd
64
0
0
0
0
0
0
0
0
1
1
1
1
1
1
1
1
0
0
0
0
0
0
0
0
1
1
1
1
1
1
1
1
0
0
0
0
0
0
0
0
1
1
1
1
1
1
1
1
0
0
0
0
0
0
0
0
1
1
1
1
1
1
1
1

nyu
64
1
1
1
1
1
1
1
1
0
0
0
0
0
0
0
0
1
1
1
1
1
1
1
1
0
0
0
0
0
0
0
0
1
1
1
1
1
1
1
1
0
0
0
0
0
0
0
0
1
1
1
1
1
1
1
1
0
0
0
0
0
0
0
0

nyd
64
0
0
0
0
0
0
0
0
1
1
1
1
1
1
1
1
0
0
0
0
0
0
0
0
1
1
1
1
1
1
1
1
0
0
0
0
0
0
0
0
1
1
1
1
1
1
1
1
0
0
0
0
0
0
0
0
1
1
1
1
1
1
1
1

tpu
64
(0,0)
(0,0)
(0,0)
(0,0)
(0,0)
(0,0)
(0,0)
(0,0)
(0,0)
(0,0)
(0,0)
(0,0)
(0,0)
(0,0)
(0,0)
(0,0)
(0,0)
(0,0)
(0,0)
(0,0)
(0,0)
(0,0)
(0,0)
(0,0)
(0,0)
(0,0)
(0,0)
(0,0)
(0,0)
(0,0)
(0,0)
(0,0)
(0,0)
(0,0)
(0,0)
(0,0)
(0,0)
(0,0)
(0,0)
(0,0)
(0,0)
(0,0)
(0,0)
(0,0)
(0,0)
(0,0)
(0,0)
(0,0)
(0,0)
(0,0)
(0,0)
(0,0)
(0,0)
(0,0)
(0,0)
(0,0)
(0,0)
(0,0)
(0,0)
(0,0)
(0,0)
(0,0)
(0,0)
(0,0)

tpd
64
(0,0)
(0,0)
(0,0)
(0,0)
(0,0)
(0,0)
(0,0)
(0,0)
(0,0)
(0,0)
(0,0)
(0,0)
(0,0)
(0,0)
(0,0)
(0,0)
(0,0)
(0,0)
(0,0)
(0,0)
(0,0)
(0,0)
(0,0)
(0,0)
(0,0)
(0,0)
(0,0)
(0,0)
(0,0)
(0,0)
(0,0)
(0,0)
(0,0)
(0,0)
(0,0)
(0,0)
(0,0)
(0,0)
(0,0)
(0,0)
(0,0)
(0,0)
(0,0)
(0,0)
(0,0)
(0,0)
(0,0)
(0,0)
(0,0)
(0,0)
(0,0)
(0,0)
(0,0)
(0,0)
(0,0)
(0,0)
(0,0)
(0,0)
(0,0)
(0,0)
(0,0)
(0,0)
(0,0)
(0,0)

spx
64
(0,-0)
(0,-0)
(0,-0)
(0,-0)
(0,-0)
(0,-0)
(0,-0)
(0,-0)
(0,-0)
(0,-0)
(0,-0)
(0,-0)
(0,-0)
(0,-0)
(0,-0)
(0,-0)
(0,-0)
(0,-0)
(0,-0)
(0,-0)
(0,-0)
(0,-0)
(0,-0)
(0,-0)
(0,-0)
(0,-0)
(0,-0)
(0,-0)
(0,-0)
(0,-0)
(0,-0)
(0,-0)
(0,-0)
(0,-0)
(0,-0)
(0,-0)
(0,-0)
(0,-0)
(0,-0)
(0,-0)
(0,-0)
(0,-0)
(0,-0)
(0,-0)
(0,-0)
(0,-0)
(0,-0)
(0,-0)
(0,-0)
(0,-0)
(0,-0)
(0,-0)
(0,-0)
(0,-0)
(0,-0)
(0,-0)
(0,-0)
(0,-0)
(0,-0)
(0,-0)
(0,-0)
(0,-0)
(0,-0)
(0,-0)

spy
64
(0,-0)
(0,-0)
(0,-0)
(0,-0)
(0,-0)
(0,-0)
(0,-0)
(0,-0)
(0,-0)
(0,-0)
(0,-0)
(0,-0)
(0,-0)
(0,-0)
(0,-0)
(0,-0)
(0,-0)
(0,-0)
(0,-0)
(0,-0)
(0,-0)
(0,-0)
(0,-0)
(0,-0)
(0,-0)
(0,-0)
(0,-0)
(0,-0)
(0,-0)
(0,-0)
(0,-0)
(0,-0)
(0,-0)
(0,-0)
(0,-0)
(0,-0)
(0,-0)
(0,-0)
(0,-0)
(0,-0)
(0,-0)
(0,-0)
(0,-0)
(0,-0)
(0,-0)
(0,-0)
(0,-0)
(0,-0)
(0,-0)
(0,-0)
(0,-0)
(0,-0)
(0,-0)
(0,-0)
(0,-0)
(0,-0)
(0,-0)
(0,-0)
(0,-0)
(0,-0)
(0,-0)
(0,-0)
(0,-0)
(0,-0)

opx
64
(0,-0)
(0,-0)
(0,-0)
(0,-0)
(0,-0)
(0,-0)
(0,-0)
(0,-0)
(0,-0)
(0,-0)
(0,-0)
(0,-0)
(0,-0)
(0,-0)
(0,-0)
(0,-0)
(0,-0)
(0,-0)
(0,-0)
(0,-0)
(0,-0)
(0,-0)
(0,-0)
(0,-0)
(0,-0)
(0,-0)
(0,-0)
(0,-0)
(0,-0)
(0,-0)
(0,-0)
(0,-0)
(0,-0)
(0,-0)
(0,-0)
(0,-0)
(0,-0)
(0,-0)
(0,-0)
(0,-0)
(0,-0)
(0,-0)
(0,-0)
(0,-0)
(0,-0)
(0,-0)
(0,-0)
(0,-0)
(0,-0)
(0,-0)
(0,-0)
(0,-0)
(0,-0)
(0,-0)
(0,-0)
(0,-0)
(0,-0)
(0,-0)
(0,-0)
(0,-0)
(0,-0)
(0,-0)
(0,-0)
(0,-0)

opy
64
(0,-0)
(0,-0)
(0,-0)
(0,-0)
(0,-0)
(0,-0)
(0,-0)
(0,-0)
(0,-0)
(0,-0)
(0,-0)
(0,-0)
(0,-0)
(0,-0)
(0,-0)
(0,-0)
(0,-0)
(0,-0)
(0,-0)
(0,-0)
(0,-0)
(0,-0)
(0,-0)
(0,-0)
(0,-0)
(0,-0)
(0,-0)
(0,-0)
(0,-0)
(0,-0)
(0,-0)
(0,-0)
(0,-0)
(0,-0)
(0,-0)
(0,-0)
(0,-0)
(0,-0)
(0,-0)
(0,-0)
(0,-0)
(0,-0)
(0,-0)
(0,-0)
(0,-0)
(0,-0)
(0,-0)
(0,-0)
(0,-0)
(0,-0)
(0,-0)
(0,-0)
(0,-0)
(0,-0)
(0,-0)
(0,-0)
(0,-0)
(0,-0)
(0,-0)
(0,-0)
(0,-0)
(0,-0)
(0,-0)
(0,-0)

