#Hartree-Fock Approx. for Multiorbital Hubbard Model
#StartTime= Mon Nov  5 12:27:36 2012
parameters.filename=output8PM
parameters.density=2
parameters.mu=0
parameters.lx/y=8/8
parameters.boundaryConditions=periodic
parameters.beta=100000
parameters.iterMAX=5000
parameters.eps
3
1e-05
1e-05
0.01

parameters.intialMFparams=pm
parameters.seed=2011
parameters.alpha=0.5
EngineParam.omegaStep=0
parameters.U=4
parameters.Up=2
parameters.J=1
parameters.hoppings
16
-0.75
0.433
0.433
-0.25
-0.75
-0.433
-0.433
-0.25
0
0
0
0
0
0
0
0
Converged
#EigenValues
256
-0.420534
-0.294314
-0.135227
-0.0752534
0.0210432
0.0413258
0.0791589
0.212496
0.236758
0.256155
0.289072
0.323486
0.401955
0.4157
0.434873
0.477859
0.544689
0.572249
0.583972
0.595263
0.600421
0.627543
0.634548
0.646248
0.664505
0.674306
0.695306
0.705255
0.721136
0.72219
0.740449
0.748244
0.762095
0.771001
0.778716
0.789858
0.791593
0.843311
0.845676
0.857945
0.87074
0.895167
0.91097
0.920432
0.921665
0.936971
0.950674
0.952991
0.973171
0.973639
0.982174
0.983503
0.985607
0.997809
1.00265
1.0051
1.01365
1.01676
1.01897
1.02951
1.03749
1.04503
1.05046
1.07043
1.09243
1.09344
1.09478
1.09754
1.11299
1.12824
1.12993
1.13447
1.14403
1.1626
1.16791
1.1694
1.17218
1.17651
1.18523
1.18746
1.19321
1.21235
1.21737
1.22675
1.23513
1.24124
1.24212
1.24779
1.25926
1.2731
1.31746
1.33479
1.34109
1.34598
1.35061
1.35287
1.35398
1.3702
1.37079
1.44251
1.58152
1.58839
1.683
1.71466
1.73047
1.82091
1.82552
1.86354
1.87095
1.9174
1.94351
1.95399
1.99867
2.01378
2.01998
2.07534
2.11717
2.1278
2.18289
2.20943
2.21816
2.27389
2.31024
2.46467
2.46474
2.49445
2.49905
2.54313
4.45687
4.50095
4.50555
4.53526
4.53533
4.68976
4.72611
4.78184
4.79057
4.81711
4.8722
4.88283
4.92466
4.98002
4.98622
5.00133
5.04601
5.05649
5.0826
5.12905
5.13646
5.17448
5.17909
5.26953
5.28534
5.317
5.41161
5.41848
5.55749
5.62921
5.6298
5.64602
5.64713
5.64939
5.65402
5.65891
5.66521
5.68254
5.7269
5.74074
5.75221
5.75788
5.75876
5.76487
5.77325
5.78263
5.78765
5.80679
5.81254
5.81477
5.82349
5.82782
5.8306
5.83209
5.8374
5.85597
5.86553
5.87007
5.87176
5.88701
5.90246
5.90522
5.90656
5.90757
5.92957
5.94954
5.95497
5.96251
5.97049
5.98103
5.98324
5.98635
5.9949
5.99735
6.00219
6.01439
6.0165
6.01783
6.02636
6.02683
6.04701
6.04933
6.06303
6.07834
6.07957
6.08903
6.10483
6.12926
6.14206
6.15432
6.15669
6.20841
6.21014
6.22128
6.229
6.23791
6.25176
6.25955
6.27781
6.27886
6.29475
6.30469
6.32569
6.33549
6.35375
6.36545
6.37246
6.39958
6.40474
6.41603
6.42775
6.45531
6.52214
6.56513
6.5843
6.59805
6.67651
6.71093
6.74385
6.76324
6.7875
6.92084
6.95867
6.97896
7.07525
7.13523
7.29431
7.42053

#Mu= 3.5
#NumOfElectrons= 128
#ElecEnergy= 144.412
#ConstEnergy= -117.667
#TotalEnergy= 26.7444
#Mu: 3.5
#NumOfElectrons: 128
#LocalChargeDensity
64
2
2
2
2
2
2
2
2
2
2
2
2
2
2
2
2
2
2
2
2
2
2
2
2
2
2
2
2
2
2
2
2
2
2
2
2
2
2
2
2
2
2
2
2
2
2
2
2
2
2
2
2
2
2
2
2
2
2
2
2
2
2
2
2
#nx
64
1
1
1
1
1
1
1
1
1
1
1
1
1
1
1
1
1
1
1
1
1
1
1
1
1
1
1
1
1
1
1
1
1
1
1
1
1
1
1
1
1
1
1
1
1
1
1
1
1
1
1
1
1
1
1
1
1
1
1
1
1
1
1
1
#ny
64
1
1
1
1
1
1
1
1
1
1
1
1
1
1
1
1
1
1
1
1
1
1
1
1
1
1
1
1
1
1
1
1
1
1
1
1
1
1
1
1
1
1
1
1
1
1
1
1
1
1
1
1
1
1
1
1
1
1
1
1
1
1
1
1
#MagneticMoment
64
#mx
64
0.778462
0.0182263
0.77059
0.794999
0.795206
0.795688
0.786151
0.794885
0.747933
0.028008
0.775264
0.795502
0.795829
0.795944
0.795921
0.794143
0.270341
0.736591
0.827009
0.787598
0.796354
0.796312
0.787403
0.82047
0.74753
0.0173556
0.766345
0.795743
0.795681
0.795951
0.79591
0.794088
0.773938
0.0073573
0.807376
0.791468
0.795479
0.795628
0.786096
0.795131
0.806684
0.786986
0.839421
0.807698
0.770652
0.7755
0.831112
0.766514
0.00633147
0.74074
0.786007
0.01596
0.019233
0.0261325
0.813092
0.0146415
0.755767
0.0148914
0.807198
0.774413
0.779022
0.775365
0.830766
0.774367
#my
64
0.913639
0.204366
0.909582
0.919467
0.919653
0.919736
0.915282
0.919484
0.899641
0.092994
0.911712
0.919696
0.91984
0.919914
0.919845
0.918918
0.371064
0.906983
0.936437
0.916008
0.920107
0.920069
0.915842
0.932863
0.899534
0.086179
0.907366
0.919597
0.919844
0.919911
0.919843
0.918911
0.911923
0.0915827
0.93174
0.919072
0.919553
0.919747
0.915275
0.919507
0.931043
0.923249
0.945075
0.931741
0.909517
0.911786
0.938217
0.907493
0.089076
0.899079
0.923014
0.0986554
0.202726
0.102322
0.949597
0.096578
0.904344
0.0957992
0.931067
0.911788
0.913518
0.911642
0.938022
0.911387
#thetaX
64
3.14159
0
3.14159
0
3.14159
0
3.14159
0
0
3.14159
0
3.14159
0
3.14159
0
3.14159
3.14159
3.14159
3.14159
0
3.14159
0
3.14159
0
0
3.14159
0
3.14159
0
3.14159
0
3.14159
3.14159
0
3.14159
0
3.14159
0
3.14159
0
0
0
3.14159
3.14159
0
3.14159
0
3.14159
3.14159
3.14159
0
0
3.14159
0
0
0
0
3.14159
0
3.14159
0
3.14159
0
3.14159
#thetaY
64
3.14159
0
3.14159
0
3.14159
0
3.14159
0
0
3.14159
0
3.14159
0
3.14159
0
3.14159
0
3.14159
3.14159
0
3.14159
0
3.14159
0
0
3.14159
0
3.14159
0
3.14159
0
3.14159
3.14159
0
3.14159
0
3.14159
0
3.14159
0
0
0
3.14159
3.14159
0
3.14159
0
3.14159
3.14159
3.14159
0
0
3.14159
0
0
0
0
3.14159
0
3.14159
0
3.14159
0
3.14159
#phiX
64
1.5708
-nan
1.5708
-nan
1.5708
-nan
1.5708
-nan
-nan
1.5708
-nan
1.5708
-nan
1.5708
-nan
1.5708
1.5708
1.5708
1.5708
-nan
1.5708
-nan
1.5708
-nan
-nan
1.5708
-nan
1.5708
-nan
1.5708
-nan
1.5708
1.5708
-nan
1.5708
-nan
1.5708
-nan
1.5708
-nan
-nan
-nan
1.5708
1.5708
-nan
1.5708
-nan
1.5708
1.5708
1.5708
-nan
-nan
1.5708
-nan
-nan
-nan
-nan
1.5708
-nan
1.5708
-nan
1.5708
-nan
1.5708
#phiY
64
1.5708
-nan
1.5708
-nan
1.5708
-nan
1.5708
-nan
-nan
1.5708
-nan
1.5708
-nan
1.5708
-nan
1.5708
-nan
1.5708
1.5708
-nan
1.5708
-nan
1.5708
-nan
-nan
1.5708
-nan
1.5708
-nan
1.5708
-nan
1.5708
1.5708
-nan
1.5708
-nan
1.5708
-nan
1.5708
-nan
-nan
-nan
1.5708
1.5708
-nan
1.5708
-nan
1.5708
1.5708
1.5708
-nan
-nan
1.5708
-nan
-nan
-nan
-nan
1.5708
-nan
1.5708
-nan
1.5708
-nan
1.5708
#MFParameters:New
nxu
64
0.110769
0.509113
0.114705
0.8975
0.102397
0.897844
0.106924
0.897443
0.873966
0.485996
0.887632
0.102249
0.897914
0.102028
0.897961
0.102929
0.36483
0.131705
0.0864953
0.893799
0.101823
0.898156
0.106298
0.910235
0.873765
0.491322
0.883173
0.102129
0.897841
0.102025
0.897955
0.102956
0.113031
0.503679
0.0963122
0.895734
0.10226
0.897814
0.106952
0.897566
0.903342
0.893493
0.0802897
0.0961512
0.885326
0.11225
0.915556
0.116743
0.496834
0.12963
0.893003
0.50798
0.490383
0.513066
0.906546
0.507321
0.877884
0.492554
0.903599
0.112794
0.889511
0.112318
0.915383
0.112817

nxd
64
0.889231
0.490887
0.885295
0.1025
0.897603
0.102156
0.893076
0.102557
0.126034
0.514004
0.112368
0.897751
0.102086
0.897972
0.102039
0.897071
0.63517
0.868295
0.913505
0.106201
0.898177
0.101844
0.893702
0.089765
0.126235
0.508678
0.116827
0.897871
0.102159
0.897975
0.102045
0.897044
0.886969
0.496321
0.903688
0.104266
0.89774
0.102186
0.893048
0.102434
0.0966578
0.106507
0.91971
0.903849
0.114674
0.88775
0.0844438
0.883257
0.503166
0.87037
0.106997
0.49202
0.509617
0.486934
0.0934538
0.492679
0.122116
0.507446
0.0964009
0.887206
0.110489
0.887682
0.0846168
0.887183

nyu
64
0.0431804
0.602183
0.0452091
0.959734
0.0401735
0.959868
0.0423588
0.959742
0.94982
0.453503
0.955856
0.040152
0.95992
0.0400432
0.959922
0.040541
0.685532
0.0465086
0.0317814
0.958004
0.0399463
0.960035
0.042079
0.966431
0.949767
0.45691
0.953683
0.0402015
0.959922
0.0400445
0.959921
0.0405445
0.0440387
0.545791
0.0341302
0.959536
0.0402233
0.959874
0.0423624
0.959754
0.965521
0.961625
0.0274625
0.0341297
0.954758
0.0441068
0.969109
0.0462534
0.455462
0.0504603
0.961507
0.549328
0.398637
0.551161
0.974799
0.548289
0.952172
0.4521
0.965533
0.0441061
0.956759
0.0441792
0.969011
0.0443064

nyd
64
0.95682
0.397817
0.954791
0.0402665
0.959826
0.0401318
0.957641
0.040258
0.0501796
0.546497
0.0441438
0.959848
0.0400801
0.959957
0.0400775
0.959459
0.314468
0.953491
0.968219
0.0419961
0.960054
0.0399654
0.957921
0.0335686
0.0502332
0.54309
0.0463168
0.959799
0.0400779
0.959955
0.0400786
0.959456
0.955961
0.454209
0.96587
0.0404638
0.959777
0.0401263
0.957638
0.0402463
0.0344785
0.0383754
0.972537
0.96587
0.0452415
0.955893
0.0308913
0.953747
0.544538
0.94954
0.0384931
0.450672
0.601363
0.448839
0.0252014
0.451711
0.0478279
0.5479
0.0344666
0.955894
0.043241
0.955821
0.0309889
0.955694

tpu
64
(-0.00460942,-0)
(-0.348458,-0)
(-0.00191115,-0)
(3.40276e-05,-0)
(8.70726e-05,-0)
(-9.30511e-05,-0)
(0.00310933,-0)
(6.70695e-05,-0)
(-0.00313454,-0)
(0.370639,-0)
(0.00534606,-0)
(-4.82999e-05,-0)
(3.4281e-06,-0)
(4.87975e-05,-0)
(5.87117e-05,-0)
(0.000293478,-0)
(-0.371506,-0)
(0.0173662,-0)
(0.0110553,-0)
(0.00269978,-0)
(8.7919e-05,-0)
(-4.58937e-05,-0)
(-0.00246276,-0)
(-0.0086309,-0)
(-0.0030367,-0)
(0.374781,-0)
(0.00261244,-0)
(-6.85812e-05,-0)
(5.4972e-06,-0)
(4.89461e-05,-0)
(6.09702e-05,-0)
(0.000299241,-0)
(-0.00528526,-0)
(-0.374597,-0)
(-0.0176932,-0)
(-1.07313e-05,-0)
(0.000110095,-0)
(-9.35128e-05,-0)
(0.00310894,-0)
(2.45382e-05,-0)
(-0.0176978,-0)
(-0.0150164,-0)
(1.3952e-05,-0)
(0.0175734,-0)
(-0.00189118,-0)
(0.00521194,-0)
(0.0123476,-0)
(0.00250716,-0)
(-0.375165,-0)
(0.000277695,-0)
(0.01524,-0)
(0.371045,-0)
(-0.348736,-0)
(0.369484,-0)
(0.0442131,-0)
(0.373527,-0)
(-0.000147203,-0)
(0.371519,-0)
(0.0175158,-0)
(0.00511405,-0)
(-0.00461867,-0)
(0.00513755,-0)
(0.0124738,-0)
(0.00511146,-0)

tpd
64
(0.00460942,-0)
(0.348458,-0)
(0.00191115,-0)
(-3.40276e-05,-0)
(-8.70726e-05,-0)
(9.30511e-05,-0)
(-0.00310933,-0)
(-6.70695e-05,-0)
(0.00313454,-0)
(-0.370639,-0)
(-0.00534606,-0)
(4.82999e-05,-0)
(-3.4281e-06,-0)
(-4.87975e-05,-0)
(-5.87117e-05,-0)
(-0.000293478,-0)
(0.371506,-0)
(-0.0173662,-0)
(-0.0110553,-0)
(-0.00269978,-0)
(-8.7919e-05,-0)
(4.58937e-05,-0)
(0.00246276,-0)
(0.0086309,-0)
(0.0030367,-0)
(-0.374781,-0)
(-0.00261244,-0)
(6.85812e-05,-0)
(-5.4972e-06,-0)
(-4.89461e-05,-0)
(-6.09702e-05,-0)
(-0.000299241,-0)
(0.00528526,-0)
(0.374597,-0)
(0.0176932,-0)
(1.07313e-05,-0)
(-0.000110095,-0)
(9.35128e-05,-0)
(-0.00310894,-0)
(-2.45382e-05,-0)
(0.0176978,-0)
(0.0150164,-0)
(-1.3952e-05,-0)
(-0.0175734,-0)
(0.00189118,-0)
(-0.00521194,-0)
(-0.0123476,-0)
(-0.00250716,-0)
(0.375165,-0)
(-0.000277695,-0)
(-0.01524,-0)
(-0.371045,-0)
(0.348736,-0)
(-0.369484,-0)
(-0.0442131,-0)
(-0.373527,-0)
(0.000147203,-0)
(-0.371519,-0)
(-0.0175158,-0)
(-0.00511405,-0)
(0.00461867,-0)
(-0.00513755,-0)
(-0.0124738,-0)
(-0.00511146,-0)

spx
64
(0,-0)
(0,-0)
(0,-0)
(0,-0)
(0,-0)
(0,-0)
(0,-0)
(0,-0)
(0,-0)
(0,-0)
(0,-0)
(0,-0)
(0,-0)
(0,-0)
(0,-0)
(0,-0)
(0,-0)
(0,-0)
(0,-0)
(0,-0)
(0,-0)
(0,-0)
(0,-0)
(0,-0)
(0,-0)
(0,-0)
(0,-0)
(0,-0)
(0,-0)
(0,-0)
(0,-0)
(0,-0)
(0,-0)
(0,-0)
(0,-0)
(0,-0)
(0,-0)
(0,-0)
(0,-0)
(0,-0)
(0,-0)
(0,-0)
(0,-0)
(0,-0)
(0,-0)
(0,-0)
(0,-0)
(0,-0)
(0,-0)
(0,-0)
(0,-0)
(0,-0)
(0,-0)
(0,-0)
(0,-0)
(0,-0)
(0,-0)
(0,-0)
(0,-0)
(0,-0)
(0,-0)
(0,-0)
(0,-0)
(0,-0)

spy
64
(0,-0)
(0,-0)
(0,-0)
(0,-0)
(0,-0)
(0,-0)
(0,-0)
(0,-0)
(0,-0)
(0,-0)
(0,-0)
(0,-0)
(0,-0)
(0,-0)
(0,-0)
(0,-0)
(0,-0)
(0,-0)
(0,-0)
(0,-0)
(0,-0)
(0,-0)
(0,-0)
(0,-0)
(0,-0)
(0,-0)
(0,-0)
(0,-0)
(0,-0)
(0,-0)
(0,-0)
(0,-0)
(0,-0)
(0,-0)
(0,-0)
(0,-0)
(0,-0)
(0,-0)
(0,-0)
(0,-0)
(0,-0)
(0,-0)
(0,-0)
(0,-0)
(0,-0)
(0,-0)
(0,-0)
(0,-0)
(0,-0)
(0,-0)
(0,-0)
(0,-0)
(0,-0)
(0,-0)
(0,-0)
(0,-0)
(0,-0)
(0,-0)
(0,-0)
(0,-0)
(0,-0)
(0,-0)
(0,-0)
(0,-0)

opx
64
(0,-0)
(0,-0)
(0,-0)
(0,-0)
(0,-0)
(0,-0)
(0,-0)
(0,-0)
(0,-0)
(0,-0)
(0,-0)
(0,-0)
(0,-0)
(0,-0)
(0,-0)
(0,-0)
(0,-0)
(0,-0)
(0,-0)
(0,-0)
(0,-0)
(0,-0)
(0,-0)
(0,-0)
(0,-0)
(0,-0)
(0,-0)
(0,-0)
(0,-0)
(0,-0)
(0,-0)
(0,-0)
(0,-0)
(0,-0)
(0,-0)
(0,-0)
(0,-0)
(0,-0)
(0,-0)
(0,-0)
(0,-0)
(0,-0)
(0,-0)
(0,-0)
(0,-0)
(0,-0)
(0,-0)
(0,-0)
(0,-0)
(0,-0)
(0,-0)
(0,-0)
(0,-0)
(0,-0)
(0,-0)
(0,-0)
(0,-0)
(0,-0)
(0,-0)
(0,-0)
(0,-0)
(0,-0)
(0,-0)
(0,-0)

opy
64
(0,-0)
(0,-0)
(0,-0)
(0,-0)
(0,-0)
(0,-0)
(0,-0)
(0,-0)
(0,-0)
(0,-0)
(0,-0)
(0,-0)
(0,-0)
(0,-0)
(0,-0)
(0,-0)
(0,-0)
(0,-0)
(0,-0)
(0,-0)
(0,-0)
(0,-0)
(0,-0)
(0,-0)
(0,-0)
(0,-0)
(0,-0)
(0,-0)
(0,-0)
(0,-0)
(0,-0)
(0,-0)
(0,-0)
(0,-0)
(0,-0)
(0,-0)
(0,-0)
(0,-0)
(0,-0)
(0,-0)
(0,-0)
(0,-0)
(0,-0)
(0,-0)
(0,-0)
(0,-0)
(0,-0)
(0,-0)
(0,-0)
(0,-0)
(0,-0)
(0,-0)
(0,-0)
(0,-0)
(0,-0)
(0,-0)
(0,-0)
(0,-0)
(0,-0)
(0,-0)
(0,-0)
(0,-0)
(0,-0)
(0,-0)

#StopTime= Mon Nov  5 12:28:20 2012
#EOF
