#Hartree-Fock Approx. for Multiorbital Hubbard Model
#StartTime= Fri Nov  9 11:01:39 2012
EngineParam.filename=outputJ01RI5
EngineParam.density=2
EngineParam.mu=0
EngineParam.lx/y=8/8
EngineParam.boundaryConditions=periodic
EngineParam.beta=100000
EngineParam.iterMAX=10000
EngineParam.eps
3
1e-05
1e-05
0.01

EngineParam.intialMFparams=random
EngineParam.seed=2012
EngineParam.alpha=0.5
EngineParam.omegaStep=0
ModelParam.U=3
ModelParam.Up=2.4
ModelParam.J=0.3
ModelParam.hoppings
16
1
0
0
-1.3
-1.3
0
0
1
0.85
0.85
0.85
0.85
0.85
-0.85
-0.85
0.85
Conv:
Converged!!!	Stop at: 1157
#EigenValues
256
-4.25113
-4.25113
-4.25113
-4.25113
-2.66978
-2.66978
-2.66978
-2.66978
-2.66978
-2.66978
-2.66978
-2.66978
-2.4942
-2.4942
-2.4942
-2.4942
-2.4942
-2.4942
-2.4942
-2.4942
-1.62216
-1.62216
-1.62216
-1.62216
-1.62216
-1.62216
-1.62216
-1.62216
-1.62164
-1.62164
-1.62164
-1.62164
-1.62164
-1.62164
-1.62164
-1.62164
0.308112
0.308112
0.312726
0.312726
0.3838
0.3838
0.388392
0.388392
0.615636
0.615636
0.615636
0.615636
0.615636
0.615636
0.615636
0.615636
0.648468
0.648468
0.648468
0.648468
0.648468
0.648468
0.648468
0.648468
0.98951
0.98951
0.98951
0.98951
0.98951
0.98951
0.98951
0.98951
1.09781
1.09781
1.09781
1.09781
1.1291
1.1291
1.1291
1.1291
1.1291
1.1291
1.1291
1.1291
1.19805
1.19805
1.19805
1.19805
1.64561
1.64561
1.64561
1.64561
1.85313
1.85313
1.85313
1.85313
3.32055
3.32055
3.32055
3.32055
3.32055
3.32055
3.32055
3.32055
4.17213
4.17213
4.17213
4.17213
4.17213
4.17213
4.17213
4.17213
4.9424
4.9424
4.9424
4.9424
4.94281
4.94281
4.94281
4.94281
4.94281
4.94281
4.94281
4.94281
5.17183
5.17183
5.17183
5.17183
5.17183
5.17183
5.17183
5.17183
5.38467
5.38467
5.38467
5.38467
5.38467
5.38467
5.38467
5.38467
5.64687
5.64687
5.64687
5.64687
5.71575
5.71575
5.71575
5.71575
5.71575
5.71575
5.71575
5.71575
5.72524
5.72524
5.72524
5.72524
5.72524
5.72524
5.72524
5.72524
5.85439
5.85439
5.85439
5.85439
5.9969
5.9969
5.9969
5.9969
5.9969
5.9969
5.9969
5.9969
6.30195
6.30195
6.30195
6.30195
6.32546
6.32546
6.32546
6.32546
6.32546
6.32546
6.32546
6.32546
6.37089
6.37089
6.37089
6.37089
6.37089
6.37089
6.37089
6.37089
6.40219
6.40219
6.40219
6.40219
6.5105
6.5105
6.5105
6.5105
6.5105
6.5105
6.5105
6.5105
6.55693
6.55693
6.55693
6.55693
6.73418
6.73418
6.73418
6.73418
6.73418
6.73418
6.73418
6.73418
6.85153
6.85153
6.85153
6.85153
6.85153
6.85153
6.85153
6.85153
6.88437
6.88437
6.88437
6.88437
6.88437
6.88437
6.88437
6.88437
7.11118
7.11118
7.11663
7.11663
7.1877
7.1877
7.19146
7.19146
7.3423
7.3423
7.3423
7.3423
7.3423
7.3423
7.3423
7.3423
7.57596
7.57596
7.57596
7.57596
7.57596
7.57596
7.57596
7.57596
7.7518
7.7518
7.7518
7.7518

#Mu= 5.27825
#NumOfElectrons= 128
#ElecEnergy= 129.388
#ConstEnergy= -239.472
#TotalEnergy= -110.085
#Mu: 5.27825
#NumOfElectrons: 128
#LocalChargeDensity
64
1.99989
2.00011
1.99989
2.00011
1.99989
2.00011
1.99989
2.00011
2.00011
1.99989
2.00011
1.99989
2.00011
1.99989
2.00011
1.99989
1.99989
2.00011
1.99989
2.00011
1.99989
2.00011
1.99989
2.00011
2.00011
1.99989
2.00011
1.99989
2.00011
1.99989
2.00011
1.99989
1.99989
2.00011
1.99989
2.00011
1.99989
2.00011
1.99989
2.00011
2.00011
1.99989
2.00011
1.99989
2.00011
1.99989
2.00011
1.99989
1.99989
2.00011
1.99989
2.00011
1.99989
2.00011
1.99989
2.00011
2.00011
1.99989
2.00011
1.99989
2.00011
1.99989
2.00011
1.99989
#nx
64
0.999943
1.00006
0.999943
1.00006
0.999943
1.00006
0.999943
1.00006
1.00006
0.999943
1.00006
0.999943
1.00006
0.999943
1.00006
0.999943
0.999943
1.00006
0.999943
1.00006
0.999943
1.00006
0.999943
1.00006
1.00006
0.999943
1.00006
0.999943
1.00006
0.999943
1.00006
0.999943
0.999943
1.00006
0.999943
1.00006
0.999943
1.00006
0.999943
1.00006
1.00006
0.999943
1.00006
0.999943
1.00006
0.999943
1.00006
0.999943
0.999943
1.00006
0.999943
1.00006
0.999943
1.00006
0.999943
1.00006
1.00006
0.999943
1.00006
0.999943
1.00006
0.999943
1.00006
0.999943
#ny
64
0.999943
1.00006
0.999943
1.00006
0.999943
1.00006
0.999943
1.00006
1.00006
0.999943
1.00006
0.999943
1.00006
0.999943
1.00006
0.999943
0.999943
1.00006
0.999943
1.00006
0.999943
1.00006
0.999943
1.00006
1.00006
0.999943
1.00006
0.999943
1.00006
0.999943
1.00006
0.999943
0.999943
1.00006
0.999943
1.00006
0.999943
1.00006
0.999943
1.00006
1.00006
0.999943
1.00006
0.999943
1.00006
0.999943
1.00006
0.999943
0.999943
1.00006
0.999943
1.00006
0.999943
1.00006
0.999943
1.00006
1.00006
0.999943
1.00006
0.999943
1.00006
0.999943
1.00006
0.999943
#MagneticMoment
64
#mx
64
0.0687137
0.0745855
0.0687137
0.0745855
0.0687137
0.0745855
0.0687137
0.0745855
0.0745855
0.0687137
0.0745855
0.0687137
0.0745855
0.0687137
0.0745855
0.0687137
0.0687137
0.0745855
0.0687137
0.0745855
0.0687137
0.0745855
0.0687137
0.0745855
0.0745855
0.0687137
0.0745855
0.0687137
0.0745855
0.0687137
0.0745855
0.0687137
0.0687137
0.0745855
0.0687137
0.0745855
0.0687137
0.0745855
0.0687137
0.0745855
0.0745855
0.0687137
0.0745855
0.0687137
0.0745855
0.0687137
0.0745855
0.0687137
0.0687137
0.0745855
0.0687137
0.0745855
0.0687137
0.0745855
0.0687137
0.0745855
0.0745855
0.0687137
0.0745855
0.0687137
0.0745855
0.0687137
0.0745855
0.0687137
#my
64
0.0687137
0.0745855
0.0687137
0.0745855
0.0687137
0.0745855
0.0687137
0.0745855
0.0745855
0.0687137
0.0745855
0.0687137
0.0745855
0.0687137
0.0745855
0.0687137
0.0687137
0.0745855
0.0687137
0.0745855
0.0687137
0.0745855
0.0687137
0.0745855
0.0745855
0.0687137
0.0745855
0.0687137
0.0745855
0.0687137
0.0745855
0.0687137
0.0687137
0.0745855
0.0687137
0.0745855
0.0687137
0.0745855
0.0687137
0.0745855
0.0745855
0.0687137
0.0745855
0.0687137
0.0745855
0.0687137
0.0745855
0.0687137
0.0687137
0.0745855
0.0687137
0.0745855
0.0687137
0.0745855
0.0687137
0.0745855
0.0745855
0.0687137
0.0745855
0.0687137
0.0745855
0.0687137
0.0745855
0.0687137
#thetaX
64
2.09067
2.81899
2.09067
2.81899
2.09067
2.81899
2.09067
2.81899
0.322605
1.05092
0.322605
1.05092
0.322605
1.05092
0.322605
1.05092
2.09067
2.81899
2.09067
2.81899
2.09067
2.81899
2.09067
2.81899
0.322605
1.05092
0.322605
1.05092
0.322605
1.05092
0.322605
1.05092
2.09067
2.81899
2.09067
2.81899
2.09067
2.81899
2.09067
2.81899
0.322605
1.05092
0.322605
1.05092
0.322605
1.05092
0.322605
1.05092
2.09067
2.81899
2.09067
2.81899
2.09067
2.81899
2.09067
2.81899
0.322605
1.05092
0.322605
1.05092
0.322605
1.05092
0.322605
1.05092
#thetaY
64
1.2078
2.67451
1.2078
2.67451
1.2078
2.67451
1.2078
2.67451
0.467078
1.93379
0.467078
1.93379
0.467078
1.93379
0.467078
1.93379
1.2078
2.67451
1.2078
2.67451
1.2078
2.67451
1.2078
2.67451
0.467078
1.93379
0.467078
1.93379
0.467078
1.93379
0.467078
1.93379
1.2078
2.67451
1.2078
2.67451
1.2078
2.67451
1.2078
2.67451
0.467078
1.93379
0.467078
1.93379
0.467078
1.93379
0.467078
1.93379
1.2078
2.67451
1.2078
2.67451
1.2078
2.67451
1.2078
2.67451
0.467078
1.93379
0.467078
1.93379
0.467078
1.93379
0.467078
1.93379
#phiX
64
4.6576
4.24633
4.6576
4.24633
4.6576
4.24633
4.6576
4.24633
1.10474
1.516
1.10474
1.516
1.10474
1.516
1.10474
1.516
4.6576
4.24633
4.6576
4.24633
4.6576
4.24633
4.6576
4.24633
1.10474
1.516
1.10474
1.516
1.10474
1.516
1.10474
1.516
4.6576
4.24633
4.6576
4.24633
4.6576
4.24633
4.6576
4.24633
1.10474
1.516
1.10474
1.516
1.10474
1.516
1.10474
1.516
4.6576
4.24633
4.6576
4.24633
4.6576
4.24633
4.6576
4.24633
1.10474
1.516
1.10474
1.516
1.10474
1.516
1.10474
1.516
#phiY
64
4.81142
1.93421
4.81142
1.93421
4.81142
1.93421
4.81142
1.93421
5.07581
1.66983
5.07581
1.66983
5.07581
1.66983
5.07581
1.66983
4.81142
1.93421
4.81142
1.93421
4.81142
1.93421
4.81142
1.93421
5.07581
1.66983
5.07581
1.66983
5.07581
1.66983
5.07581
1.66983
4.81142
1.93421
4.81142
1.93421
4.81142
1.93421
4.81142
1.93421
5.07581
1.66983
5.07581
1.66983
5.07581
1.66983
5.07581
1.66983
4.81142
1.93421
4.81142
1.93421
4.81142
1.93421
4.81142
1.93421
5.07581
1.66983
5.07581
1.66983
5.07581
1.66983
5.07581
1.66983
#MFParameters:New
nxu
64
0.482904
0.464659
0.482904
0.464659
0.482904
0.464659
0.482904
0.464659
0.535397
0.517039
0.535397
0.517039
0.535397
0.517039
0.535397
0.517039
0.482904
0.464659
0.482904
0.464659
0.482904
0.464659
0.482904
0.464659
0.535397
0.517039
0.535397
0.517039
0.535397
0.517039
0.535397
0.517039
0.482904
0.464659
0.482904
0.464659
0.482904
0.464659
0.482904
0.464659
0.535397
0.517039
0.535397
0.517039
0.535397
0.517039
0.535397
0.517039
0.482904
0.464659
0.482904
0.464659
0.482904
0.464659
0.482904
0.464659
0.535397
0.517039
0.535397
0.517039
0.535397
0.517039
0.535397
0.517039

nxd
64
0.517039
0.535397
0.517039
0.535397
0.517039
0.535397
0.517039
0.535397
0.464659
0.482904
0.464659
0.482904
0.464659
0.482904
0.464659
0.482904
0.517039
0.535397
0.517039
0.535397
0.517039
0.535397
0.517039
0.535397
0.464659
0.482904
0.464659
0.482904
0.464659
0.482904
0.464659
0.482904
0.517039
0.535397
0.517039
0.535397
0.517039
0.535397
0.517039
0.535397
0.464659
0.482904
0.464659
0.482904
0.464659
0.482904
0.464659
0.482904
0.517039
0.535397
0.517039
0.535397
0.517039
0.535397
0.517039
0.535397
0.464659
0.482904
0.464659
0.482904
0.464659
0.482904
0.464659
0.482904

nyu
64
0.512171
0.46673
0.512171
0.46673
0.512171
0.46673
0.512171
0.46673
0.533327
0.487773
0.533327
0.487773
0.533327
0.487773
0.533327
0.487773
0.512171
0.46673
0.512171
0.46673
0.512171
0.46673
0.512171
0.46673
0.533327
0.487773
0.533327
0.487773
0.533327
0.487773
0.533327
0.487773
0.512171
0.46673
0.512171
0.46673
0.512171
0.46673
0.512171
0.46673
0.533327
0.487773
0.533327
0.487773
0.533327
0.487773
0.533327
0.487773
0.512171
0.46673
0.512171
0.46673
0.512171
0.46673
0.512171
0.46673
0.533327
0.487773
0.533327
0.487773
0.533327
0.487773
0.533327
0.487773

nyd
64
0.487773
0.533327
0.487773
0.533327
0.487773
0.533327
0.487773
0.533327
0.46673
0.512171
0.46673
0.512171
0.46673
0.512171
0.46673
0.512171
0.487773
0.533327
0.487773
0.533327
0.487773
0.533327
0.487773
0.533327
0.46673
0.512171
0.46673
0.512171
0.46673
0.512171
0.46673
0.512171
0.487773
0.533327
0.487773
0.533327
0.487773
0.533327
0.487773
0.533327
0.46673
0.512171
0.46673
0.512171
0.46673
0.512171
0.46673
0.512171
0.487773
0.533327
0.487773
0.533327
0.487773
0.533327
0.487773
0.533327
0.46673
0.512171
0.46673
0.512171
0.46673
0.512171
0.46673
0.512171

tpu
64
(-1.92554e-16,-7.09068e-17)
(2.2031e-16,2.64545e-17)
(-8.06646e-17,-2.4503e-17)
(2.04697e-16,-1.63715e-16)
(-9.45424e-17,2.09685e-16)
(1.9082e-16,2.42861e-17)
(-1.79544e-16,-6.31006e-17)
(2.45463e-16,-1.4203e-17)
(9.71445e-17,6.02816e-17)
(-2.51535e-17,9.21572e-17)
(3.49547e-16,-5.46438e-17)
(-9.36751e-17,3.00107e-16)
(-1.55258e-16,-2.3744e-17)
(-1.76942e-16,4.33681e-19)
(1.48319e-16,-8.39172e-17)
(-5.81132e-17,1.4615e-16)
(2.51535e-17,1.22515e-16)
(2.23779e-16,-8.76035e-17)
(-6.07153e-18,1.249e-16)
(-1.37911e-16,-9.38919e-17)
(9.02056e-17,1.74773e-16)
(4.42354e-17,-1.73798e-16)
(-1.29237e-16,-4.68375e-17)
(-2.34188e-16,-2.43512e-16)
(1.84748e-16,-7.67615e-17)
(-2.3332e-16,-1.146e-16)
(-1.64799e-16,-5.52943e-18)
(-6.07153e-17,3.43475e-16)
(2.35922e-16,-3.28513e-16)
(0,9.34582e-17)
(8.50015e-17,3.82723e-17)
(-1.30104e-17,1.77809e-17)
(-1.63064e-16,1.04517e-16)
(1.30104e-16,3.57787e-18)
(-3.20924e-17,7.97973e-17)
(-1.10155e-16,-1.40729e-16)
(-1.93422e-16,8.99888e-17)
(1.23165e-16,-1.59161e-16)
(-7.97973e-17,6.61363e-17)
(3.00975e-16,-5.86553e-17)
(-1.12757e-16,-1.44416e-16)
(-6.67869e-17,1.33682e-16)
(-1.84748e-16,-1.68268e-16)
(3.05311e-16,1.7499e-16)
(4.16334e-17,-6.863e-17)
(-8.1532e-17,2.5804e-17)
(4.77049e-17,-1.47668e-16)
(3.29597e-17,2.53053e-16)
(4.77049e-17,5.7029e-17)
(2.25514e-17,-1.9906e-16)
(-1.22298e-16,3.5822e-16)
(1.02349e-16,-3.13334e-16)
(-1.73472e-18,1.41814e-16)
(1.7434e-16,-8.46762e-17)
(9.36751e-17,2.34188e-16)
(-1.35308e-16,-2.12504e-16)
(1.37043e-16,2.01878e-16)
(1.99493e-17,7.30752e-17)
(1.18829e-16,-3.57787e-17)
(-8.84709e-17,1.49186e-16)
(8.32667e-17,-1.50921e-16)
(-5.20417e-17,-1.36609e-16)
(6.67869e-17,-3.14419e-17)
(-1.37043e-16,2.09902e-16)

tpd
64
(-3.78929e-17,-3.69306e-17)
(3.49709e-16,2.71728e-18)
(-1.191e-16,-1.27096e-16)
(-1.08339e-16,-2.205e-17)
(3.5616e-17,1.35579e-16)
(9.08019e-17,-5.92313e-17)
(1.0327e-16,7.10423e-17)
(-2.52077e-18,1.9414e-17)
(-1.98816e-17,-6.39205e-17)
(-6.47404e-17,2.58023e-17)
(-3.18308e-16,-1.6509e-16)
(-3.14961e-17,1.1088e-16)
(4.09015e-17,7.97295e-17)
(2.48689e-17,9.83897e-17)
(-1.90549e-17,-6.82573e-17)
(6.63396e-17,-1.1955e-16)
(-1.39862e-17,-1.00858e-16)
(2.41262e-16,1.33547e-16)
(-3.8706e-17,-5.79913e-17)
(-7.07442e-17,2.48079e-17)
(-1.03596e-16,9.60874e-17)
(-9.23469e-17,-3.20788e-17)
(-1.30646e-17,5.91568e-17)
(-4.99004e-17,1.74421e-17)
(3.27294e-17,-1.09559e-16)
(1.71832e-16,-3.40101e-17)
(4.74338e-19,6.77694e-17)
(8.27924e-17,-1.42302e-18)
(-2.8234e-16,5.6243e-18)
(1.4798e-16,1.05991e-16)
(-7.18555e-17,-8.23994e-18)
(1.16687e-16,1.51958e-18)
(-1.63823e-16,7.85098e-17)
(-3.58681e-16,-8.14236e-17)
(-9.07477e-17,8.05969e-17)
(-7.80355e-17,1.42505e-17)
(-9.7795e-17,9.50032e-18)
(-1.41705e-16,1.05378e-16)
(1.09938e-16,-1.89383e-16)
(-5.44541e-17,1.4512e-16)
(2.52687e-16,-2.11555e-17)
(1.22352e-16,-4.99732e-17)
(4.19722e-17,1.81048e-16)
(1.34265e-16,-3.13538e-17)
(2.54923e-17,-3.33392e-18)
(-4.06305e-17,-2.55245e-17)
(-2.21177e-17,2.70508e-17)
(-6.09864e-18,-2.66206e-17)
(2.05294e-16,-7.01885e-17)
(6.2179e-17,6.99039e-17)
(-3.0195e-17,-9.66295e-18)
(9.56808e-17,-1.35729e-17)
(-7.34005e-17,1.0323e-16)
(2.0074e-16,-1.2902e-17)
(-1.00506e-16,-9.17777e-17)
(-1.46205e-16,1.22684e-16)
(-7.46067e-17,8.06375e-19)
(3.69577e-17,-3.5694e-17)
(-1.44768e-16,-6.23687e-17)
(-3.53585e-17,-9.17167e-18)
(-5.9211e-17,-9.72326e-17)
(-8.13965e-17,-1.13751e-16)
(7.6111e-17,-1.36366e-16)
(1.16226e-16,1.7537e-17)

spx
64
(-0.00163296,-0.0297729)
(-0.00531297,-0.0105623)
(-0.00163296,-0.0297729)
(-0.00531297,-0.0105623)
(-0.00163296,-0.0297729)
(-0.00531297,-0.0105623)
(-0.00163296,-0.0297729)
(-0.00531297,-0.0105623)
(0.00531297,0.0105623)
(0.00163296,0.0297729)
(0.00531297,0.0105623)
(0.00163296,0.0297729)
(0.00531297,0.0105623)
(0.00163296,0.0297729)
(0.00531297,0.0105623)
(0.00163296,0.0297729)
(-0.00163296,-0.0297729)
(-0.00531297,-0.0105623)
(-0.00163296,-0.0297729)
(-0.00531297,-0.0105623)
(-0.00163296,-0.0297729)
(-0.00531297,-0.0105623)
(-0.00163296,-0.0297729)
(-0.00531297,-0.0105623)
(0.00531297,0.0105623)
(0.00163296,0.0297729)
(0.00531297,0.0105623)
(0.00163296,0.0297729)
(0.00531297,0.0105623)
(0.00163296,0.0297729)
(0.00531297,0.0105623)
(0.00163296,0.0297729)
(-0.00163296,-0.0297729)
(-0.00531297,-0.0105623)
(-0.00163296,-0.0297729)
(-0.00531297,-0.0105623)
(-0.00163296,-0.0297729)
(-0.00531297,-0.0105623)
(-0.00163296,-0.0297729)
(-0.00531297,-0.0105623)
(0.00531297,0.0105623)
(0.00163296,0.0297729)
(0.00531297,0.0105623)
(0.00163296,0.0297729)
(0.00531297,0.0105623)
(0.00163296,0.0297729)
(0.00531297,0.0105623)
(0.00163296,0.0297729)
(-0.00163296,-0.0297729)
(-0.00531297,-0.0105623)
(-0.00163296,-0.0297729)
(-0.00531297,-0.0105623)
(-0.00163296,-0.0297729)
(-0.00531297,-0.0105623)
(-0.00163296,-0.0297729)
(-0.00531297,-0.0105623)
(0.00531297,0.0105623)
(0.00163296,0.0297729)
(0.00531297,0.0105623)
(0.00163296,0.0297729)
(0.00531297,0.0105623)
(0.00163296,0.0297729)
(0.00531297,0.0105623)
(0.00163296,0.0297729)

spy
64
(0.00317558,-0.0319607)
(-0.0059691,0.0156954)
(0.00317558,-0.0319607)
(-0.0059691,0.0156954)
(0.00317558,-0.0319607)
(-0.0059691,0.0156954)
(0.00317558,-0.0319607)
(-0.0059691,0.0156954)
(0.0059691,-0.0156954)
(-0.00317558,0.0319607)
(0.0059691,-0.0156954)
(-0.00317558,0.0319607)
(0.0059691,-0.0156954)
(-0.00317558,0.0319607)
(0.0059691,-0.0156954)
(-0.00317558,0.0319607)
(0.00317558,-0.0319607)
(-0.0059691,0.0156954)
(0.00317558,-0.0319607)
(-0.0059691,0.0156954)
(0.00317558,-0.0319607)
(-0.0059691,0.0156954)
(0.00317558,-0.0319607)
(-0.0059691,0.0156954)
(0.0059691,-0.0156954)
(-0.00317558,0.0319607)
(0.0059691,-0.0156954)
(-0.00317558,0.0319607)
(0.0059691,-0.0156954)
(-0.00317558,0.0319607)
(0.0059691,-0.0156954)
(-0.00317558,0.0319607)
(0.00317558,-0.0319607)
(-0.0059691,0.0156954)
(0.00317558,-0.0319607)
(-0.0059691,0.0156954)
(0.00317558,-0.0319607)
(-0.0059691,0.0156954)
(0.00317558,-0.0319607)
(-0.0059691,0.0156954)
(0.0059691,-0.0156954)
(-0.00317558,0.0319607)
(0.0059691,-0.0156954)
(-0.00317558,0.0319607)
(0.0059691,-0.0156954)
(-0.00317558,0.0319607)
(0.0059691,-0.0156954)
(-0.00317558,0.0319607)
(0.00317558,-0.0319607)
(-0.0059691,0.0156954)
(0.00317558,-0.0319607)
(-0.0059691,0.0156954)
(0.00317558,-0.0319607)
(-0.0059691,0.0156954)
(0.00317558,-0.0319607)
(-0.0059691,0.0156954)
(0.0059691,-0.0156954)
(-0.00317558,0.0319607)
(0.0059691,-0.0156954)
(-0.00317558,0.0319607)
(0.0059691,-0.0156954)
(-0.00317558,0.0319607)
(0.0059691,-0.0156954)
(-0.00317558,0.0319607)

opx
64
(2.37655e-16,4.23381e-17)
(-1.11131e-16,-1.80655e-16)
(3.70436e-16,1.06685e-16)
(-2.77624e-17,1.97867e-17)
(-6.17335e-17,-1.42139e-16)
(-9.26112e-17,3.36103e-17)
(2.28233e-16,-2.37169e-16)
(-1.03233e-16,5.36138e-17)
(-1.82448e-16,-1.28017e-16)
(1.07173e-16,-1.09416e-16)
(-1.39042e-16,-1.84016e-16)
(3.88754e-17,7.36783e-17)
(7.73985e-17,-8.68446e-17)
(6.65497e-17,-6.29312e-17)
(-6.77576e-17,-5.66631e-17)
(1.90172e-16,-1.15759e-16)
(1.43897e-16,-5.43185e-17)
(-3.25227e-17,1.17229e-16)
(1.4343e-16,-1.2574e-16)
(-2.03322e-16,-2.20906e-17)
(3.85485e-17,1.8239e-16)
(8.39579e-18,2.31965e-16)
(1.47282e-17,-5.25025e-17)
(-4.61667e-17,-5.46167e-17)
(-1.25212e-16,-7.76153e-17)
(2.75286e-17,-2.27554e-16)
(-4.24728e-17,1.05669e-16)
(9.88657e-17,1.55719e-17)
(-1.4306e-16,1.27055e-16)
(4.99512e-17,-2.19842e-16)
(-1.27838e-16,9.80796e-17)
(1.117e-16,6.87249e-17)
(2.38455e-16,1.12974e-16)
(-2.09563e-16,1.5252e-16)
(6.6963e-17,-1.76833e-16)
(-1.4449e-16,-2.35272e-17)
(1.08417e-16,3.00595e-17)
(-5.18791e-17,1.83799e-16)
(7.3143e-17,-3.19325e-16)
(-1.88461e-16,1.13299e-16)
(-1.87911e-16,7.77237e-17)
(5.38577e-17,-9.43662e-17)
(-7.21367e-17,1.24466e-16)
(-6.28498e-18,-7.16929e-18)
(-5.44447e-17,-1.24209e-16)
(-1.57209e-17,-2.14496e-16)
(1.08801e-16,-5.68664e-17)
(-1.47723e-17,-7.04393e-17)
(-4.20162e-17,9.56808e-17)
(1.62447e-16,1.99249e-16)
(3.77861e-17,2.18196e-17)
(-7.88384e-17,-4.95209e-17)
(9.50947e-17,-1.54607e-16)
(-1.42573e-17,-3.68358e-17)
(1.30963e-16,5.4183e-17)
(-1.12588e-16,-9.06664e-17)
(-4.07423e-18,-9.48677e-18)
(8.31888e-17,-2.00442e-17)
(-5.5933e-17,8.91621e-17)
(1.27814e-16,4.52925e-17)
(-2.3578e-17,4.87891e-17)
(3.03509e-17,-2.30596e-16)
(-1.51668e-16,2.46588e-16)
(8.62652e-17,-2.14604e-17)

opy
64
(2.50234e-16,5.55112e-17)
(-2.62377e-16,2.42861e-17)
(1.8735e-16,-1.79544e-16)
(-2.70183e-16,-1.66533e-16)
(2.18141e-16,5.20417e-17)
(-1.72605e-16,1.7434e-16)
(-3.55618e-17,1.73472e-18)
(-1.63064e-16,-2.48933e-16)
(-4.98733e-17,-2.86229e-17)
(-1.21431e-17,5.11743e-17)
(-9.88792e-17,1.7434e-16)
(1.31839e-16,1.37043e-16)
(2.23779e-16,-1.66533e-16)
(1.60462e-17,1.63064e-16)
(9.06393e-17,-1.67401e-16)
(1.34441e-17,3.98986e-17)
(2.37657e-16,-3.81639e-17)
(-1.07987e-16,2.39392e-16)
(1.22298e-16,-2.31586e-16)
(-1.59161e-16,8.67362e-18)
(-9.84456e-17,1.96024e-16)
(1.05384e-16,-1.46584e-16)
(-1.5439e-16,9.36751e-17)
(-1.44416e-16,-4.51895e-16)
(4.11997e-17,-7.80626e-17)
(-8.71699e-17,1.18829e-16)
(2.61076e-16,1.04083e-17)
(1.34441e-17,-6.41848e-17)
(8.19657e-17,-3.29597e-17)
(-6.50521e-18,-6.33174e-17)
(-2.08167e-16,7.11237e-17)
(-1.46584e-16,6.76542e-17)
(2.25514e-17,-9.54098e-17)
(-1.17961e-16,-1.15359e-16)
(-1.99493e-16,-2.60209e-18)
(-1.64799e-16,-2.06432e-16)
(2.03396e-16,1.24033e-16)
(1.43982e-16,-1.18829e-16)
(1.34007e-16,-3.90313e-17)
(-1.76508e-16,4.94396e-17)
(-5.94143e-17,-2.26381e-16)
(6.98226e-17,6.50521e-17)
(-4.2067e-17,2.00361e-16)
(1.51788e-17,6.93889e-18)
(7.97973e-17,-2.06432e-16)
(-9.54098e-17,2.29851e-16)
(-3.33934e-16,-5.20417e-18)
(9.54098e-18,1.20563e-16)
(-9.97466e-18,-1.31839e-16)
(1.43982e-16,-1.52656e-16)
(-1.8735e-16,1.73472e-18)
(-1.48319e-16,-1.89952e-16)
(-1.38778e-17,7.97973e-17)
(-6.07153e-17,8.84709e-17)
(1.73472e-17,1.30104e-17)
(1.39212e-16,8.76035e-17)
(-6.07153e-17,3.38271e-17)
(1.05818e-16,-1.43982e-16)
(1.73472e-16,1.31839e-16)
(6.245e-17,1.2837e-16)
(3.77302e-17,-1.62197e-16)
(2.68882e-17,2.13371e-16)
(-7.32921e-17,-1.31839e-16)
(-2.94903e-17,3.81639e-17)

#StopTime= Fri Nov  9 11:05:03 2012
#EOF
