#Hartree-Fock Approx. for Multiorbital Hubbard Model
#StartTime= Mon Sep 24 11:49:29 2012
parameters.filename=output8AFMC
parameters.density=2
parameters.mu=0
parameters.lx/y=8/8
parameters.boundaryConditions=periodic
parameters.beta=100000
parameters.iterMAX=5000
parameters.eps
3
1e-05
1e-05
0.01

parameters.intialMFparams=afmC
parameters.seed=2011
parameters.alpha=0.5
EngineParam.omegaStep=0
parameters.U=4
parameters.Up=2
parameters.J=1
parameters.hoppings
16
-0.75
0.433
0.433
-0.25
-0.75
-0.433
-0.433
-0.25
0
0
0
0
0
0
0
0
Converged
#EigenValues
256
-1.0389
-1.0389
-0.940423
-0.940423
-0.940423
-0.940423
-0.860767
-0.860767
-0.477699
-0.477699
-0.477699
-0.477699
-0.361158
-0.361158
-0.361158
-0.361158
-0.361158
-0.361158
-0.361158
-0.361158
-0.276837
-0.276837
-0.276837
-0.276837
0.535775
0.535775
0.535775
0.535775
0.616486
0.616486
0.658673
0.658673
0.658673
0.658673
0.663169
0.663169
0.663169
0.663169
0.675124
0.675124
0.890638
0.890638
0.890638
0.890638
0.894826
0.894826
0.894826
0.894826
0.894826
0.894826
0.894826
0.894826
0.912269
0.912269
0.912269
0.912269
0.912269
0.912269
0.912269
0.912269
0.949947
0.949947
0.949947
0.949947
0.949947
0.949947
0.949947
0.949947
0.956129
0.956129
0.956129
0.956129
1.08327
1.08327
1.08327
1.08327
1.08337
1.08337
1.08337
1.08337
1.08342
1.08342
1.08342
1.08342
1.08342
1.08342
1.08342
1.08342
1.24371
1.24371
1.24371
1.24371
1.24611
1.24611
1.25629
1.25629
1.25815
1.25815
1.25815
1.25815
1.31225
1.31225
1.31225
1.31225
2.35522
2.35522
2.35522
2.35522
2.42959
2.42959
2.42959
2.42959
2.42959
2.42959
2.42959
2.42959
2.56602
2.56602
2.56602
2.56602
2.90246
2.90246
2.99409
2.99409
2.99409
2.99409
3.14941
3.14941
3.85059
3.85059
4.00591
4.00591
4.00591
4.00591
4.09754
4.09754
4.43398
4.43398
4.43398
4.43398
4.57041
4.57041
4.57041
4.57041
4.57041
4.57041
4.57041
4.57041
4.64478
4.64478
4.64478
4.64478
5.68775
5.68775
5.68775
5.68775
5.74185
5.74185
5.74185
5.74185
5.74371
5.74371
5.75389
5.75389
5.75629
5.75629
5.75629
5.75629
5.91658
5.91658
5.91658
5.91658
5.91658
5.91658
5.91658
5.91658
5.91663
5.91663
5.91663
5.91663
5.91673
5.91673
5.91673
5.91673
6.04387
6.04387
6.04387
6.04387
6.05005
6.05005
6.05005
6.05005
6.05005
6.05005
6.05005
6.05005
6.08773
6.08773
6.08773
6.08773
6.08773
6.08773
6.08773
6.08773
6.10517
6.10517
6.10517
6.10517
6.10517
6.10517
6.10517
6.10517
6.10936
6.10936
6.10936
6.10936
6.32488
6.32488
6.33683
6.33683
6.33683
6.33683
6.34133
6.34133
6.34133
6.34133
6.38351
6.38351
6.46422
6.46422
6.46422
6.46422
7.27684
7.27684
7.27684
7.27684
7.36116
7.36116
7.36116
7.36116
7.36116
7.36116
7.36116
7.36116
7.4777
7.4777
7.4777
7.4777
7.86077
7.86077
7.94042
7.94042
7.94042
7.94042
8.0389
8.0389

Energy: 1	126.786	-87.7531	39.0326
#MFParameters:New
nxu
64
0.940208
0.940208
0.940208
0.940208
0.940208
0.940208
0.940208
0.940208
0.0597924
0.0597924
0.0597924
0.0597924
0.0597924
0.0597924
0.0597924
0.0597924
0.940208
0.940208
0.940208
0.940208
0.940208
0.940208
0.940208
0.940208
0.0597924
0.0597924
0.0597924
0.0597924
0.0597924
0.0597924
0.0597924
0.0597924
0.940208
0.940208
0.940208
0.940208
0.940208
0.940208
0.940208
0.940208
0.0597924
0.0597924
0.0597924
0.0597924
0.0597924
0.0597924
0.0597924
0.0597924
0.940208
0.940208
0.940208
0.940208
0.940208
0.940208
0.940208
0.940208
0.0597924
0.0597924
0.0597924
0.0597924
0.0597924
0.0597924
0.0597924
0.0597924

nxd
64
0.0597924
0.0597924
0.0597924
0.0597924
0.0597924
0.0597924
0.0597924
0.0597924
0.940208
0.940208
0.940208
0.940208
0.940208
0.940208
0.940208
0.940208
0.0597924
0.0597924
0.0597924
0.0597924
0.0597924
0.0597924
0.0597924
0.0597924
0.940208
0.940208
0.940208
0.940208
0.940208
0.940208
0.940208
0.940208
0.0597924
0.0597924
0.0597924
0.0597924
0.0597924
0.0597924
0.0597924
0.0597924
0.940208
0.940208
0.940208
0.940208
0.940208
0.940208
0.940208
0.940208
0.0597924
0.0597924
0.0597924
0.0597924
0.0597924
0.0597924
0.0597924
0.0597924
0.940208
0.940208
0.940208
0.940208
0.940208
0.940208
0.940208
0.940208

nyu
64
0.98068
0.98068
0.98068
0.98068
0.98068
0.98068
0.98068
0.98068
0.0193199
0.0193199
0.0193199
0.0193199
0.0193199
0.0193199
0.0193199
0.0193199
0.98068
0.98068
0.98068
0.98068
0.98068
0.98068
0.98068
0.98068
0.0193199
0.0193199
0.0193199
0.0193199
0.0193199
0.0193199
0.0193199
0.0193199
0.98068
0.98068
0.98068
0.98068
0.98068
0.98068
0.98068
0.98068
0.0193199
0.0193199
0.0193199
0.0193199
0.0193199
0.0193199
0.0193199
0.0193199
0.98068
0.98068
0.98068
0.98068
0.98068
0.98068
0.98068
0.98068
0.0193199
0.0193199
0.0193199
0.0193199
0.0193199
0.0193199
0.0193199
0.0193199

nyd
64
0.0193199
0.0193199
0.0193199
0.0193199
0.0193199
0.0193199
0.0193199
0.0193199
0.98068
0.98068
0.98068
0.98068
0.98068
0.98068
0.98068
0.98068
0.0193199
0.0193199
0.0193199
0.0193199
0.0193199
0.0193199
0.0193199
0.0193199
0.98068
0.98068
0.98068
0.98068
0.98068
0.98068
0.98068
0.98068
0.0193199
0.0193199
0.0193199
0.0193199
0.0193199
0.0193199
0.0193199
0.0193199
0.98068
0.98068
0.98068
0.98068
0.98068
0.98068
0.98068
0.98068
0.0193199
0.0193199
0.0193199
0.0193199
0.0193199
0.0193199
0.0193199
0.0193199
0.98068
0.98068
0.98068
0.98068
0.98068
0.98068
0.98068
0.98068

tpu
64
(-0.0323596,-0)
(-0.0323596,-0)
(-0.0323596,-0)
(-0.0323596,-0)
(-0.0323596,-0)
(-0.0323596,-0)
(-0.0323596,-0)
(-0.0323596,-0)
(0.0323596,-0)
(0.0323596,-0)
(0.0323596,-0)
(0.0323596,-0)
(0.0323596,-0)
(0.0323596,-0)
(0.0323596,-0)
(0.0323596,-0)
(-0.0323596,-0)
(-0.0323596,-0)
(-0.0323596,-0)
(-0.0323596,-0)
(-0.0323596,-0)
(-0.0323596,-0)
(-0.0323596,-0)
(-0.0323596,-0)
(0.0323596,-0)
(0.0323596,-0)
(0.0323596,-0)
(0.0323596,-0)
(0.0323596,-0)
(0.0323596,-0)
(0.0323596,-0)
(0.0323596,-0)
(-0.0323596,-0)
(-0.0323596,-0)
(-0.0323596,-0)
(-0.0323596,-0)
(-0.0323596,-0)
(-0.0323596,-0)
(-0.0323596,-0)
(-0.0323596,-0)
(0.0323596,-0)
(0.0323596,-0)
(0.0323596,-0)
(0.0323596,-0)
(0.0323596,-0)
(0.0323596,-0)
(0.0323596,-0)
(0.0323596,-0)
(-0.0323596,-0)
(-0.0323596,-0)
(-0.0323596,-0)
(-0.0323596,-0)
(-0.0323596,-0)
(-0.0323596,-0)
(-0.0323596,-0)
(-0.0323596,-0)
(0.0323596,-0)
(0.0323596,-0)
(0.0323596,-0)
(0.0323596,-0)
(0.0323596,-0)
(0.0323596,-0)
(0.0323596,-0)
(0.0323596,-0)

tpd
64
(0.0323596,-0)
(0.0323596,-0)
(0.0323596,-0)
(0.0323596,-0)
(0.0323596,-0)
(0.0323596,-0)
(0.0323596,-0)
(0.0323596,-0)
(-0.0323596,-0)
(-0.0323596,-0)
(-0.0323596,-0)
(-0.0323596,-0)
(-0.0323596,-0)
(-0.0323596,-0)
(-0.0323596,-0)
(-0.0323596,-0)
(0.0323596,-0)
(0.0323596,-0)
(0.0323596,-0)
(0.0323596,-0)
(0.0323596,-0)
(0.0323596,-0)
(0.0323596,-0)
(0.0323596,-0)
(-0.0323596,-0)
(-0.0323596,-0)
(-0.0323596,-0)
(-0.0323596,-0)
(-0.0323596,-0)
(-0.0323596,-0)
(-0.0323596,-0)
(-0.0323596,-0)
(0.0323596,-0)
(0.0323596,-0)
(0.0323596,-0)
(0.0323596,-0)
(0.0323596,-0)
(0.0323596,-0)
(0.0323596,-0)
(0.0323596,-0)
(-0.0323596,-0)
(-0.0323596,-0)
(-0.0323596,-0)
(-0.0323596,-0)
(-0.0323596,-0)
(-0.0323596,-0)
(-0.0323596,-0)
(-0.0323596,-0)
(0.0323596,-0)
(0.0323596,-0)
(0.0323596,-0)
(0.0323596,-0)
(0.0323596,-0)
(0.0323596,-0)
(0.0323596,-0)
(0.0323596,-0)
(-0.0323596,-0)
(-0.0323596,-0)
(-0.0323596,-0)
(-0.0323596,-0)
(-0.0323596,-0)
(-0.0323596,-0)
(-0.0323596,-0)
(-0.0323596,-0)

spx
64
(0,-0)
(0,-0)
(0,-0)
(0,-0)
(0,-0)
(0,-0)
(0,-0)
(0,-0)
(0,-0)
(0,-0)
(0,-0)
(0,-0)
(0,-0)
(0,-0)
(0,-0)
(0,-0)
(0,-0)
(0,-0)
(0,-0)
(0,-0)
(0,-0)
(0,-0)
(0,-0)
(0,-0)
(0,-0)
(0,-0)
(0,-0)
(0,-0)
(0,-0)
(0,-0)
(0,-0)
(0,-0)
(0,-0)
(0,-0)
(0,-0)
(0,-0)
(0,-0)
(0,-0)
(0,-0)
(0,-0)
(0,-0)
(0,-0)
(0,-0)
(0,-0)
(0,-0)
(0,-0)
(0,-0)
(0,-0)
(0,-0)
(0,-0)
(0,-0)
(0,-0)
(0,-0)
(0,-0)
(0,-0)
(0,-0)
(0,-0)
(0,-0)
(0,-0)
(0,-0)
(0,-0)
(0,-0)
(0,-0)
(0,-0)

spy
64
(0,-0)
(0,-0)
(0,-0)
(0,-0)
(0,-0)
(0,-0)
(0,-0)
(0,-0)
(0,-0)
(0,-0)
(0,-0)
(0,-0)
(0,-0)
(0,-0)
(0,-0)
(0,-0)
(0,-0)
(0,-0)
(0,-0)
(0,-0)
(0,-0)
(0,-0)
(0,-0)
(0,-0)
(0,-0)
(0,-0)
(0,-0)
(0,-0)
(0,-0)
(0,-0)
(0,-0)
(0,-0)
(0,-0)
(0,-0)
(0,-0)
(0,-0)
(0,-0)
(0,-0)
(0,-0)
(0,-0)
(0,-0)
(0,-0)
(0,-0)
(0,-0)
(0,-0)
(0,-0)
(0,-0)
(0,-0)
(0,-0)
(0,-0)
(0,-0)
(0,-0)
(0,-0)
(0,-0)
(0,-0)
(0,-0)
(0,-0)
(0,-0)
(0,-0)
(0,-0)
(0,-0)
(0,-0)
(0,-0)
(0,-0)

opx
64
(0,-0)
(0,-0)
(0,-0)
(0,-0)
(0,-0)
(0,-0)
(0,-0)
(0,-0)
(0,-0)
(0,-0)
(0,-0)
(0,-0)
(0,-0)
(0,-0)
(0,-0)
(0,-0)
(0,-0)
(0,-0)
(0,-0)
(0,-0)
(0,-0)
(0,-0)
(0,-0)
(0,-0)
(0,-0)
(0,-0)
(0,-0)
(0,-0)
(0,-0)
(0,-0)
(0,-0)
(0,-0)
(0,-0)
(0,-0)
(0,-0)
(0,-0)
(0,-0)
(0,-0)
(0,-0)
(0,-0)
(0,-0)
(0,-0)
(0,-0)
(0,-0)
(0,-0)
(0,-0)
(0,-0)
(0,-0)
(0,-0)
(0,-0)
(0,-0)
(0,-0)
(0,-0)
(0,-0)
(0,-0)
(0,-0)
(0,-0)
(0,-0)
(0,-0)
(0,-0)
(0,-0)
(0,-0)
(0,-0)
(0,-0)

opy
64
(0,-0)
(0,-0)
(0,-0)
(0,-0)
(0,-0)
(0,-0)
(0,-0)
(0,-0)
(0,-0)
(0,-0)
(0,-0)
(0,-0)
(0,-0)
(0,-0)
(0,-0)
(0,-0)
(0,-0)
(0,-0)
(0,-0)
(0,-0)
(0,-0)
(0,-0)
(0,-0)
(0,-0)
(0,-0)
(0,-0)
(0,-0)
(0,-0)
(0,-0)
(0,-0)
(0,-0)
(0,-0)
(0,-0)
(0,-0)
(0,-0)
(0,-0)
(0,-0)
(0,-0)
(0,-0)
(0,-0)
(0,-0)
(0,-0)
(0,-0)
(0,-0)
(0,-0)
(0,-0)
(0,-0)
(0,-0)
(0,-0)
(0,-0)
(0,-0)
(0,-0)
(0,-0)
(0,-0)
(0,-0)
(0,-0)
(0,-0)
(0,-0)
(0,-0)
(0,-0)
(0,-0)
(0,-0)
(0,-0)
(0,-0)

#Mu: 3.5
#NumOfElectrons: 128
#LocalChargeDensity
64
2
2
2
2
2
2
2
2
2
2
2
2
2
2
2
2
2
2
2
2
2
2
2
2
2
2
2
2
2
2
2
2
2
2
2
2
2
2
2
2
2
2
2
2
2
2
2
2
2
2
2
2
2
2
2
2
2
2
2
2
2
2
2
2
#nx
64
1
1
1
1
1
1
1
1
1
1
1
1
1
1
1
1
1
1
1
1
1
1
1
1
1
1
1
1
1
1
1
1
1
1
1
1
1
1
1
1
1
1
1
1
1
1
1
1
1
1
1
1
1
1
1
1
1
1
1
1
1
1
1
1
#ny
64
1
1
1
1
1
1
1
1
1
1
1
1
1
1
1
1
1
1
1
1
1
1
1
1
1
1
1
1
1
1
1
1
1
1
1
1
1
1
1
1
1
1
1
1
1
1
1
1
1
1
1
1
1
1
1
1
1
1
1
1
1
1
1
1
#MagneticMoment
64
#mx
64
0.880415
0.880415
0.880415
0.880415
0.880415
0.880415
0.880415
0.880415
0.880415
0.880415
0.880415
0.880415
0.880415
0.880415
0.880415
0.880415
0.880415
0.880415
0.880415
0.880415
0.880415
0.880415
0.880415
0.880415
0.880415
0.880415
0.880415
0.880415
0.880415
0.880415
0.880415
0.880415
0.880415
0.880415
0.880415
0.880415
0.880415
0.880415
0.880415
0.880415
0.880415
0.880415
0.880415
0.880415
0.880415
0.880415
0.880415
0.880415
0.880415
0.880415
0.880415
0.880415
0.880415
0.880415
0.880415
0.880415
0.880415
0.880415
0.880415
0.880415
0.880415
0.880415
0.880415
0.880415
#my
64
0.96136
0.96136
0.96136
0.96136
0.96136
0.96136
0.96136
0.96136
0.96136
0.96136
0.96136
0.96136
0.96136
0.96136
0.96136
0.96136
0.96136
0.96136
0.96136
0.96136
0.96136
0.96136
0.96136
0.96136
0.96136
0.96136
0.96136
0.96136
0.96136
0.96136
0.96136
0.96136
0.96136
0.96136
0.96136
0.96136
0.96136
0.96136
0.96136
0.96136
0.96136
0.96136
0.96136
0.96136
0.96136
0.96136
0.96136
0.96136
0.96136
0.96136
0.96136
0.96136
0.96136
0.96136
0.96136
0.96136
0.96136
0.96136
0.96136
0.96136
0.96136
0.96136
0.96136
0.96136
#thetaX
64
0
0
0
0
0
0
0
0
3.14159
3.14159
3.14159
3.14159
3.14159
3.14159
3.14159
3.14159
0
0
0
0
0
0
0
0
3.14159
3.14159
3.14159
3.14159
3.14159
3.14159
3.14159
3.14159
0
0
0
0
0
0
0
0
3.14159
3.14159
3.14159
3.14159
3.14159
3.14159
3.14159
3.14159
0
0
0
0
0
0
0
0
3.14159
3.14159
3.14159
3.14159
3.14159
3.14159
3.14159
3.14159
#thetaY
64
0
0
0
0
0
0
0
0
3.14159
3.14159
3.14159
3.14159
3.14159
3.14159
3.14159
3.14159
0
0
0
0
0
0
0
0
3.14159
3.14159
3.14159
3.14159
3.14159
3.14159
3.14159
3.14159
0
0
0
0
0
0
0
0
3.14159
3.14159
3.14159
3.14159
3.14159
3.14159
3.14159
3.14159
0
0
0
0
0
0
0
0
3.14159
3.14159
3.14159
3.14159
3.14159
3.14159
3.14159
3.14159
#phiX
64
-nan
-nan
-nan
-nan
-nan
-nan
-nan
-nan
1.5708
1.5708
1.5708
1.5708
1.5708
1.5708
1.5708
1.5708
-nan
-nan
-nan
-nan
-nan
-nan
-nan
-nan
1.5708
1.5708
1.5708
1.5708
1.5708
1.5708
1.5708
1.5708
-nan
-nan
-nan
-nan
-nan
-nan
-nan
-nan
1.5708
1.5708
1.5708
1.5708
1.5708
1.5708
1.5708
1.5708
-nan
-nan
-nan
-nan
-nan
-nan
-nan
-nan
1.5708
1.5708
1.5708
1.5708
1.5708
1.5708
1.5708
1.5708
#phiY
64
-nan
-nan
-nan
-nan
-nan
-nan
-nan
-nan
1.5708
1.5708
1.5708
1.5708
1.5708
1.5708
1.5708
1.5708
-nan
-nan
-nan
-nan
-nan
-nan
-nan
-nan
1.5708
1.5708
1.5708
1.5708
1.5708
1.5708
1.5708
1.5708
-nan
-nan
-nan
-nan
-nan
-nan
-nan
-nan
1.5708
1.5708
1.5708
1.5708
1.5708
1.5708
1.5708
1.5708
-nan
-nan
-nan
-nan
-nan
-nan
-nan
-nan
1.5708
1.5708
1.5708
1.5708
1.5708
1.5708
1.5708
1.5708
#StopTime= Mon Sep 24 11:49:32 2012
#EOF
