#Hartree-Fock Approx. for Multiorbital Hubbard Model
#StartTime= Mon Sep 24 11:25:41 2012
parameters.filename=output8FM
parameters.density=2
parameters.mu=0
parameters.lx/y=8/8
parameters.boundaryConditions=periodic
parameters.beta=100000
parameters.iterMAX=5000
parameters.eps
3
1e-05
1e-05
0.01

parameters.intialMFparams=fm
parameters.seed=2011
parameters.alpha=0.5
EngineParam.omegaStep=0
parameters.U=4
parameters.Up=2
parameters.J=1
parameters.hoppings
16
-0.75
0.433
0.433
-0.25
-0.75
-0.433
-0.433
-0.25
0
0
0
0
0
0
0
0
Converged
#EigenValues
256
-1.69058
-1.29354
-1.29354
-1.29354
-1.29354
-0.811903
-0.811903
-0.811903
-0.811903
-0.752783
-0.752783
-0.752783
-0.752783
-0.576301
-0.576301
-0.576301
-0.576301
-0.540455
-0.540455
-0.169308
-0.169308
-0.169308
-0.169308
-0.169308
-0.169308
-0.169308
-0.169308
-0.0347135
-0.0347135
-0.0347135
-0.0347135
-0.0347135
-0.0347135
-0.0347135
-0.0347135
-0.0129474
-0.0129474
-0.0129474
-0.0129474
0.0811843
0.269925
0.269925
0.269925
0.269925
0.374077
0.374077
0.374077
0.374077
1.08118
1.08118
1.08118
1.08118
1.13189
1.13189
1.13189
1.13189
1.13189
1.13189
1.13189
1.13189
1.13365
1.13365
1.13365
1.13365
1.14338
1.14338
1.14338
1.14338
1.1457
1.1457
1.1457
1.1457
1.1457
1.1457
1.1457
1.1457
1.30942
1.30942
1.30942
1.30942
1.78829
1.78829
1.78829
1.78829
1.90205
1.90205
1.90205
1.90205
2.08118
2.38112
2.38112
2.38112
2.38112
2.42531
2.42531
2.42531
2.42531
2.42531
2.42531
2.42531
2.42531
2.67292
2.67292
2.67292
2.67292
2.67292
2.67292
2.67292
2.67292
2.69058
2.93106
2.93106
2.98934
2.98934
2.98934
2.98934
3.09723
3.09723
3.09723
3.09723
3.25695
3.25695
3.25695
3.25695
3.43074
3.43074
3.43074
3.43074
3.56926
3.56926
3.56926
3.56926
3.74305
3.74305
3.74305
3.74305
3.90277
3.90277
3.90277
3.90277
4.01066
4.01066
4.01066
4.01066
4.06894
4.06894
4.30942
4.32708
4.32708
4.32708
4.32708
4.32708
4.32708
4.32708
4.32708
4.57469
4.57469
4.57469
4.57469
4.57469
4.57469
4.57469
4.57469
4.61888
4.61888
4.61888
4.61888
4.91882
5.09795
5.09795
5.09795
5.09795
5.21171
5.21171
5.21171
5.21171
5.69058
5.69058
5.69058
5.69058
5.8543
5.8543
5.8543
5.8543
5.8543
5.8543
5.8543
5.8543
5.85662
5.85662
5.85662
5.85662
5.86635
5.86635
5.86635
5.86635
5.86811
5.86811
5.86811
5.86811
5.86811
5.86811
5.86811
5.86811
5.91882
5.91882
5.91882
5.91882
6.62592
6.62592
6.62592
6.62592
6.73008
6.73008
6.73008
6.73008
6.91882
7.01295
7.01295
7.01295
7.01295
7.03471
7.03471
7.03471
7.03471
7.03471
7.03471
7.03471
7.03471
7.16931
7.16931
7.16931
7.16931
7.16931
7.16931
7.16931
7.16931
7.54045
7.54045
7.5763
7.5763
7.5763
7.5763
7.75278
7.75278
7.75278
7.75278
7.8119
7.8119
7.8119
7.8119
8.29354
8.29354
8.29354
8.29354
8.69058

Energy: 1	148.157	-87.4664	60.6911
#MFParameters:New
nxu
64
0.922896
0.922896
0.922896
0.922896
0.922896
0.922896
0.922896
0.922896
0.922896
0.922896
0.922896
0.922896
0.922896
0.922896
0.922896
0.922896
0.922896
0.922896
0.922896
0.922896
0.922896
0.922896
0.922896
0.922896
0.922896
0.922896
0.922896
0.922896
0.922896
0.922896
0.922896
0.922896
0.922896
0.922896
0.922896
0.922896
0.922896
0.922896
0.922896
0.922896
0.922896
0.922896
0.922896
0.922896
0.922896
0.922896
0.922896
0.922896
0.922896
0.922896
0.922896
0.922896
0.922896
0.922896
0.922896
0.922896
0.922896
0.922896
0.922896
0.922896
0.922896
0.922896
0.922896
0.922896

nxd
64
0.0771038
0.0771038
0.0771038
0.0771038
0.0771038
0.0771038
0.0771038
0.0771038
0.0771038
0.0771038
0.0771038
0.0771038
0.0771038
0.0771038
0.0771038
0.0771038
0.0771038
0.0771038
0.0771038
0.0771038
0.0771038
0.0771038
0.0771038
0.0771038
0.0771038
0.0771038
0.0771038
0.0771038
0.0771038
0.0771038
0.0771038
0.0771038
0.0771038
0.0771038
0.0771038
0.0771038
0.0771038
0.0771038
0.0771038
0.0771038
0.0771038
0.0771038
0.0771038
0.0771038
0.0771038
0.0771038
0.0771038
0.0771038
0.0771038
0.0771038
0.0771038
0.0771038
0.0771038
0.0771038
0.0771038
0.0771038
0.0771038
0.0771038
0.0771038
0.0771038
0.0771038
0.0771038
0.0771038
0.0771038

nyu
64
0.998979
0.998979
0.998979
0.998979
0.998979
0.998979
0.998979
0.998979
0.998979
0.998979
0.998979
0.998979
0.998979
0.998979
0.998979
0.998979
0.998979
0.998979
0.998979
0.998979
0.998979
0.998979
0.998979
0.998979
0.998979
0.998979
0.998979
0.998979
0.998979
0.998979
0.998979
0.998979
0.998979
0.998979
0.998979
0.998979
0.998979
0.998979
0.998979
0.998979
0.998979
0.998979
0.998979
0.998979
0.998979
0.998979
0.998979
0.998979
0.998979
0.998979
0.998979
0.998979
0.998979
0.998979
0.998979
0.998979
0.998979
0.998979
0.998979
0.998979
0.998979
0.998979
0.998979
0.998979

nyd
64
0.00102121
0.00102121
0.00102121
0.00102121
0.00102121
0.00102121
0.00102121
0.00102121
0.00102121
0.00102121
0.00102121
0.00102121
0.00102121
0.00102121
0.00102121
0.00102121
0.00102121
0.00102121
0.00102121
0.00102121
0.00102121
0.00102121
0.00102121
0.00102121
0.00102121
0.00102121
0.00102121
0.00102121
0.00102121
0.00102121
0.00102121
0.00102121
0.00102121
0.00102121
0.00102121
0.00102121
0.00102121
0.00102121
0.00102121
0.00102121
0.00102121
0.00102121
0.00102121
0.00102121
0.00102121
0.00102121
0.00102121
0.00102121
0.00102121
0.00102121
0.00102121
0.00102121
0.00102121
0.00102121
0.00102121
0.00102121
0.00102121
0.00102121
0.00102121
0.00102121
0.00102121
0.00102121
0.00102121
0.00102121

tpu
64
(2.55358e-18,-0)
(2.13221e-17,-0)
(2.65645e-17,-0)
(-1.57626e-17,-0)
(3.41876e-17,-0)
(9.97514e-17,-0)
(1.2124e-17,-0)
(1.01159e-17,-0)
(7.60679e-18,-0)
(-1.11854e-17,-0)
(3.37339e-17,-0)
(-9.99905e-18,-0)
(-2.43189e-17,-0)
(3.18897e-17,-0)
(-5.31239e-17,-0)
(7.09007e-18,-0)
(1.34393e-18,-0)
(4.5887e-19,-0)
(1.85668e-17,-0)
(4.90311e-18,-0)
(-3.85327e-17,-0)
(1.06287e-17,-0)
(-6.03562e-17,-0)
(-3.0273e-17,-0)
(4.76252e-18,-0)
(1.0091e-17,-0)
(2.13792e-17,-0)
(5.21013e-20,-0)
(-2.39892e-17,-0)
(4.80568e-18,-0)
(1.05742e-17,-0)
(7.54022e-17,-0)
(5.0119e-18,-0)
(1.01012e-17,-0)
(1.13378e-18,-0)
(2.02365e-17,-0)
(-3.73863e-18,-0)
(-2.34373e-17,-0)
(3.63342e-17,-0)
(-5.78971e-19,-0)
(-4.17884e-18,-0)
(3.3823e-17,-0)
(-1.52593e-17,-0)
(3.37754e-17,-0)
(4.51939e-17,-0)
(1.5025e-17,-0)
(3.39353e-17,-0)
(1.57283e-17,-0)
(-4.69903e-17,-0)
(2.19181e-17,-0)
(-4.80785e-17,-0)
(-9.08775e-18,-0)
(3.90025e-17,-0)
(1.83479e-17,-0)
(3.9766e-17,-0)
(-2.23454e-17,-0)
(-1.62467e-17,-0)
(1.84218e-17,-0)
(-3.70722e-17,-0)
(-8.96548e-17,-0)
(-2.06119e-18,-0)
(-2.38233e-18,-0)
(2.20502e-17,-0)
(-8.18658e-18,-0)

tpd
64
(1.04663e-16,-0)
(1.78944e-17,-0)
(1.07064e-16,-0)
(1.69062e-16,-0)
(2.8e-17,-0)
(-1.35296e-16,-0)
(3.71479e-17,-0)
(1.40462e-16,-0)
(-8.16547e-17,-0)
(-8.93089e-18,-0)
(-4.1556e-18,-0)
(1.9005e-16,-0)
(-1.05911e-16,-0)
(-1.72523e-16,-0)
(8.57163e-17,-0)
(-2.74713e-17,-0)
(2.52564e-17,-0)
(7.33801e-18,-0)
(9.90494e-17,-0)
(6.86198e-17,-0)
(3.57606e-17,-0)
(1.4268e-16,-0)
(-1.66879e-18,-0)
(4.67834e-17,-0)
(-1.90437e-16,-0)
(4.64754e-17,-0)
(6.44832e-17,-0)
(-2.58413e-17,-0)
(-1.08044e-16,-0)
(-2.81835e-17,-0)
(-9.9199e-17,-0)
(-1.28222e-16,-0)
(5.09188e-17,-0)
(-5.10683e-17,-0)
(-2.47779e-17,-0)
(3.60522e-17,-0)
(9.10754e-17,-0)
(1.61993e-16,-0)
(-1.66047e-17,-0)
(-7.92005e-17,-0)
(-1.03585e-16,-0)
(-2.93352e-17,-0)
(1.48162e-16,-0)
(-3.14238e-17,-0)
(3.30772e-17,-0)
(-5.15116e-17,-0)
(6.39474e-17,-0)
(1.82817e-17,-0)
(-6.01526e-17,-0)
(-8.93678e-18,-0)
(1.10271e-18,-0)
(3.68742e-17,-0)
(-2.57077e-16,-0)
(-1.72545e-16,-0)
(1.15759e-16,-0)
(-1.84118e-18,-0)
(-1.94695e-16,-0)
(-1.5741e-16,-0)
(7.27356e-17,-0)
(-2.10798e-16,-0)
(-1.48825e-16,-0)
(-2.30215e-16,-0)
(4.01335e-19,-0)
(2.09072e-17,-0)

spx
64
(0,-0)
(0,-0)
(0,-0)
(0,-0)
(0,-0)
(0,-0)
(0,-0)
(0,-0)
(0,-0)
(0,-0)
(0,-0)
(0,-0)
(0,-0)
(0,-0)
(0,-0)
(0,-0)
(0,-0)
(0,-0)
(0,-0)
(0,-0)
(0,-0)
(0,-0)
(0,-0)
(0,-0)
(0,-0)
(0,-0)
(0,-0)
(0,-0)
(0,-0)
(0,-0)
(0,-0)
(0,-0)
(0,-0)
(0,-0)
(0,-0)
(0,-0)
(0,-0)
(0,-0)
(0,-0)
(0,-0)
(0,-0)
(0,-0)
(0,-0)
(0,-0)
(0,-0)
(0,-0)
(0,-0)
(0,-0)
(0,-0)
(0,-0)
(0,-0)
(0,-0)
(0,-0)
(0,-0)
(0,-0)
(0,-0)
(0,-0)
(0,-0)
(0,-0)
(0,-0)
(0,-0)
(0,-0)
(0,-0)
(0,-0)

spy
64
(0,-0)
(0,-0)
(0,-0)
(0,-0)
(0,-0)
(0,-0)
(0,-0)
(0,-0)
(0,-0)
(0,-0)
(0,-0)
(0,-0)
(0,-0)
(0,-0)
(0,-0)
(0,-0)
(0,-0)
(0,-0)
(0,-0)
(0,-0)
(0,-0)
(0,-0)
(0,-0)
(0,-0)
(0,-0)
(0,-0)
(0,-0)
(0,-0)
(0,-0)
(0,-0)
(0,-0)
(0,-0)
(0,-0)
(0,-0)
(0,-0)
(0,-0)
(0,-0)
(0,-0)
(0,-0)
(0,-0)
(0,-0)
(0,-0)
(0,-0)
(0,-0)
(0,-0)
(0,-0)
(0,-0)
(0,-0)
(0,-0)
(0,-0)
(0,-0)
(0,-0)
(0,-0)
(0,-0)
(0,-0)
(0,-0)
(0,-0)
(0,-0)
(0,-0)
(0,-0)
(0,-0)
(0,-0)
(0,-0)
(0,-0)

opx
64
(0,-0)
(0,-0)
(0,-0)
(0,-0)
(0,-0)
(0,-0)
(0,-0)
(0,-0)
(0,-0)
(0,-0)
(0,-0)
(0,-0)
(0,-0)
(0,-0)
(0,-0)
(0,-0)
(0,-0)
(0,-0)
(0,-0)
(0,-0)
(0,-0)
(0,-0)
(0,-0)
(0,-0)
(0,-0)
(0,-0)
(0,-0)
(0,-0)
(0,-0)
(0,-0)
(0,-0)
(0,-0)
(0,-0)
(0,-0)
(0,-0)
(0,-0)
(0,-0)
(0,-0)
(0,-0)
(0,-0)
(0,-0)
(0,-0)
(0,-0)
(0,-0)
(0,-0)
(0,-0)
(0,-0)
(0,-0)
(0,-0)
(0,-0)
(0,-0)
(0,-0)
(0,-0)
(0,-0)
(0,-0)
(0,-0)
(0,-0)
(0,-0)
(0,-0)
(0,-0)
(0,-0)
(0,-0)
(0,-0)
(0,-0)

opy
64
(0,-0)
(0,-0)
(0,-0)
(0,-0)
(0,-0)
(0,-0)
(0,-0)
(0,-0)
(0,-0)
(0,-0)
(0,-0)
(0,-0)
(0,-0)
(0,-0)
(0,-0)
(0,-0)
(0,-0)
(0,-0)
(0,-0)
(0,-0)
(0,-0)
(0,-0)
(0,-0)
(0,-0)
(0,-0)
(0,-0)
(0,-0)
(0,-0)
(0,-0)
(0,-0)
(0,-0)
(0,-0)
(0,-0)
(0,-0)
(0,-0)
(0,-0)
(0,-0)
(0,-0)
(0,-0)
(0,-0)
(0,-0)
(0,-0)
(0,-0)
(0,-0)
(0,-0)
(0,-0)
(0,-0)
(0,-0)
(0,-0)
(0,-0)
(0,-0)
(0,-0)
(0,-0)
(0,-0)
(0,-0)
(0,-0)
(0,-0)
(0,-0)
(0,-0)
(0,-0)
(0,-0)
(0,-0)
(0,-0)
(0,-0)

#Mu: 3.5
#NumOfElectrons: 128
#LocalChargeDensity
64
2
2
2
2
2
2
2
2
2
2
2
2
2
2
2
2
2
2
2
2
2
2
2
2
2
2
2
2
2
2
2
2
2
2
2
2
2
2
2
2
2
2
2
2
2
2
2
2
2
2
2
2
2
2
2
2
2
2
2
2
2
2
2
2
#nx
64
1
1
1
1
1
1
1
1
1
1
1
1
1
1
1
1
1
1
1
1
1
1
1
1
1
1
1
1
1
1
1
1
1
1
1
1
1
1
1
1
1
1
1
1
1
1
1
1
1
1
1
1
1
1
1
1
1
1
1
1
1
1
1
1
#ny
64
1
1
1
1
1
1
1
1
1
1
1
1
1
1
1
1
1
1
1
1
1
1
1
1
1
1
1
1
1
1
1
1
1
1
1
1
1
1
1
1
1
1
1
1
1
1
1
1
1
1
1
1
1
1
1
1
1
1
1
1
1
1
1
1
#MagneticMoment
64
#mx
64
0.845792
0.845792
0.845792
0.845792
0.845792
0.845792
0.845792
0.845792
0.845792
0.845792
0.845792
0.845792
0.845792
0.845792
0.845792
0.845792
0.845792
0.845792
0.845792
0.845792
0.845792
0.845792
0.845792
0.845792
0.845792
0.845792
0.845792
0.845792
0.845792
0.845792
0.845792
0.845792
0.845792
0.845792
0.845792
0.845792
0.845792
0.845792
0.845792
0.845792
0.845792
0.845792
0.845792
0.845792
0.845792
0.845792
0.845792
0.845792
0.845792
0.845792
0.845792
0.845792
0.845792
0.845792
0.845792
0.845792
0.845792
0.845792
0.845792
0.845792
0.845792
0.845792
0.845792
0.845792
#my
64
0.997958
0.997958
0.997958
0.997958
0.997958
0.997958
0.997958
0.997958
0.997958
0.997958
0.997958
0.997958
0.997958
0.997958
0.997958
0.997958
0.997958
0.997958
0.997958
0.997958
0.997958
0.997958
0.997958
0.997958
0.997958
0.997958
0.997958
0.997958
0.997958
0.997958
0.997958
0.997958
0.997958
0.997958
0.997958
0.997958
0.997958
0.997958
0.997958
0.997958
0.997958
0.997958
0.997958
0.997958
0.997958
0.997958
0.997958
0.997958
0.997958
0.997958
0.997958
0.997958
0.997958
0.997958
0.997958
0.997958
0.997958
0.997958
0.997958
0.997958
0.997958
0.997958
0.997958
0.997958
#thetaX
64
0
0
0
0
0
0
0
0
0
0
0
0
0
0
0
0
0
0
0
0
0
0
0
0
0
0
0
0
0
0
0
0
0
0
0
0
0
0
0
0
0
0
0
0
0
0
0
0
0
0
0
0
0
0
0
0
0
0
0
0
0
0
0
0
#thetaY
64
0
0
0
0
0
0
0
0
0
0
0
0
0
0
0
0
0
0
0
0
0
0
0
0
0
0
0
0
0
0
0
0
0
0
0
0
0
0
0
0
0
0
0
0
0
0
0
0
0
0
0
0
0
0
0
0
0
0
0
0
0
0
0
0
#phiX
64
-nan
-nan
-nan
-nan
-nan
-nan
-nan
-nan
-nan
-nan
-nan
-nan
-nan
-nan
-nan
-nan
-nan
-nan
-nan
-nan
-nan
-nan
-nan
-nan
-nan
-nan
-nan
-nan
-nan
-nan
-nan
-nan
-nan
-nan
-nan
-nan
-nan
-nan
-nan
-nan
-nan
-nan
-nan
-nan
-nan
-nan
-nan
-nan
-nan
-nan
-nan
-nan
-nan
-nan
-nan
-nan
-nan
-nan
-nan
-nan
-nan
-nan
-nan
-nan
#phiY
64
-nan
-nan
-nan
-nan
-nan
-nan
-nan
-nan
-nan
-nan
-nan
-nan
-nan
-nan
-nan
-nan
-nan
-nan
-nan
-nan
-nan
-nan
-nan
-nan
-nan
-nan
-nan
-nan
-nan
-nan
-nan
-nan
-nan
-nan
-nan
-nan
-nan
-nan
-nan
-nan
-nan
-nan
-nan
-nan
-nan
-nan
-nan
-nan
-nan
-nan
-nan
-nan
-nan
-nan
-nan
-nan
-nan
-nan
-nan
-nan
-nan
-nan
-nan
-nan
#StopTime= Mon Sep 24 11:25:43 2012
#EOF
