#Hartree-Fock Approx. for Multiorbital Hubbard Model
#StartTime= Mon Sep 24 11:46:11 2012
parameters.filename=output8AFMG
parameters.density=2
parameters.mu=0
parameters.lx/y=8/8
parameters.boundaryConditions=periodic
parameters.beta=100000
parameters.iterMAX=5000
parameters.eps
3
1e-05
1e-05
0.01

parameters.intialMFparams=afmG
parameters.seed=2011
parameters.alpha=0.5
EngineParam.omegaStep=0
parameters.U=4
parameters.Up=2
parameters.J=1
parameters.hoppings
16
-0.75
0.433
0.433
-0.25
-0.75
-0.433
-0.433
-0.25
0
0
0
0
0
0
0
0
Converged
#EigenValues
256
-0.134851
-0.134851
0.186581
0.186581
0.186581
0.186581
0.186581
0.186581
0.186581
0.186581
0.548366
0.548366
0.548366
0.548366
0.548366
0.548366
0.548366
0.548366
0.592947
0.592947
0.592947
0.592947
0.592947
0.592947
0.592947
0.592947
0.650065
0.650065
0.695739
0.695739
0.695739
0.695739
0.695739
0.695739
0.695739
0.695739
0.835726
0.835726
0.937005
0.937005
0.937005
0.937005
0.937005
0.937005
0.937005
0.937005
0.952505
0.952505
0.952505
0.952505
0.952505
0.952505
0.952505
0.952505
0.952505
0.952505
0.952505
0.952505
0.952505
0.952505
0.952505
0.952505
1.04874
1.04874
1.06228
1.06228
1.06228
1.06228
1.06228
1.06228
1.06228
1.06228
1.1217
1.1217
1.1217
1.1217
1.1217
1.1217
1.1217
1.1217
1.12267
1.12267
1.12267
1.12267
1.12267
1.12267
1.12267
1.12267
1.15294
1.15294
1.15294
1.15294
1.15294
1.15294
1.15294
1.15294
1.26199
1.26199
1.26199
1.26199
1.31601
1.31601
1.31601
1.31601
1.31601
1.31601
1.31601
1.31601
1.3249
1.3249
1.3249
1.3249
1.3249
1.3249
1.3249
1.3249
1.3249
1.3249
1.3249
1.3249
1.3249
1.3249
1.3249
1.3249
1.44765
1.44765
1.44765
1.44765
5.55235
5.55235
5.55235
5.55235
5.6751
5.6751
5.6751
5.6751
5.6751
5.6751
5.6751
5.6751
5.6751
5.6751
5.6751
5.6751
5.6751
5.6751
5.6751
5.6751
5.68399
5.68399
5.68399
5.68399
5.68399
5.68399
5.68399
5.68399
5.73801
5.73801
5.73801
5.73801
5.84706
5.84706
5.84706
5.84706
5.84706
5.84706
5.84706
5.84706
5.87733
5.87733
5.87733
5.87733
5.87733
5.87733
5.87733
5.87733
5.8783
5.8783
5.8783
5.8783
5.8783
5.8783
5.8783
5.8783
5.93772
5.93772
5.93772
5.93772
5.93772
5.93772
5.93772
5.93772
5.95126
5.95126
6.0475
6.0475
6.0475
6.0475
6.0475
6.0475
6.0475
6.0475
6.0475
6.0475
6.0475
6.0475
6.0475
6.0475
6.0475
6.0475
6.06299
6.06299
6.06299
6.06299
6.06299
6.06299
6.06299
6.06299
6.16427
6.16427
6.30426
6.30426
6.30426
6.30426
6.30426
6.30426
6.30426
6.30426
6.34993
6.34993
6.40705
6.40705
6.40705
6.40705
6.40705
6.40705
6.40705
6.40705
6.45163
6.45163
6.45163
6.45163
6.45163
6.45163
6.45163
6.45163
6.81342
6.81342
6.81342
6.81342
6.81342
6.81342
6.81342
6.81342
7.13485
7.13485

Energy: 1	121.966	-105.826	16.1401
#MFParameters:New
nxu
64
0.898087
0.101913
0.898087
0.101913
0.898087
0.101913
0.898087
0.101913
0.101913
0.898087
0.101913
0.898087
0.101913
0.898087
0.101913
0.898087
0.898087
0.101913
0.898087
0.101913
0.898087
0.101913
0.898087
0.101913
0.101913
0.898087
0.101913
0.898087
0.101913
0.898087
0.101913
0.898087
0.898087
0.101913
0.898087
0.101913
0.898087
0.101913
0.898087
0.101913
0.101913
0.898087
0.101913
0.898087
0.101913
0.898087
0.101913
0.898087
0.898087
0.101913
0.898087
0.101913
0.898087
0.101913
0.898087
0.101913
0.101913
0.898087
0.101913
0.898087
0.101913
0.898087
0.101913
0.898087

nxd
64
0.101913
0.898087
0.101913
0.898087
0.101913
0.898087
0.101913
0.898087
0.898087
0.101913
0.898087
0.101913
0.898087
0.101913
0.898087
0.101913
0.101913
0.898087
0.101913
0.898087
0.101913
0.898087
0.101913
0.898087
0.898087
0.101913
0.898087
0.101913
0.898087
0.101913
0.898087
0.101913
0.101913
0.898087
0.101913
0.898087
0.101913
0.898087
0.101913
0.898087
0.898087
0.101913
0.898087
0.101913
0.898087
0.101913
0.898087
0.101913
0.101913
0.898087
0.101913
0.898087
0.101913
0.898087
0.101913
0.898087
0.898087
0.101913
0.898087
0.101913
0.898087
0.101913
0.898087
0.101913

nyu
64
0.959978
0.0400224
0.959978
0.0400224
0.959978
0.0400224
0.959978
0.0400224
0.0400224
0.959978
0.0400224
0.959978
0.0400224
0.959978
0.0400224
0.959978
0.959978
0.0400224
0.959978
0.0400224
0.959978
0.0400224
0.959978
0.0400224
0.0400224
0.959978
0.0400224
0.959978
0.0400224
0.959978
0.0400224
0.959978
0.959978
0.0400224
0.959978
0.0400224
0.959978
0.0400224
0.959978
0.0400224
0.0400224
0.959978
0.0400224
0.959978
0.0400224
0.959978
0.0400224
0.959978
0.959978
0.0400224
0.959978
0.0400224
0.959978
0.0400224
0.959978
0.0400224
0.0400224
0.959978
0.0400224
0.959978
0.0400224
0.959978
0.0400224
0.959978

nyd
64
0.0400224
0.959978
0.0400224
0.959978
0.0400224
0.959978
0.0400224
0.959978
0.959978
0.0400224
0.959978
0.0400224
0.959978
0.0400224
0.959978
0.0400224
0.0400224
0.959978
0.0400224
0.959978
0.0400224
0.959978
0.0400224
0.959978
0.959978
0.0400224
0.959978
0.0400224
0.959978
0.0400224
0.959978
0.0400224
0.0400224
0.959978
0.0400224
0.959978
0.0400224
0.959978
0.0400224
0.959978
0.959978
0.0400224
0.959978
0.0400224
0.959978
0.0400224
0.959978
0.0400224
0.0400224
0.959978
0.0400224
0.959978
0.0400224
0.959978
0.0400224
0.959978
0.959978
0.0400224
0.959978
0.0400224
0.959978
0.0400224
0.959978
0.0400224

tpu
64
(1.53647e-17,-0)
(-1.24842e-17,-0)
(5.0181e-17,-0)
(8.89297e-18,-0)
(3.30809e-17,-0)
(-3.69608e-17,-0)
(-1.00404e-18,-0)
(-3.57442e-18,-0)
(-4.95225e-17,-0)
(4.62089e-18,-0)
(-1.31606e-16,-0)
(4.74693e-17,-0)
(-6.65311e-17,-0)
(-2.50095e-18,-0)
(-3.08717e-17,-0)
(4.13143e-17,-0)
(-9.15014e-18,-0)
(7.69444e-17,-0)
(-7.79946e-17,-0)
(9.49844e-17,-0)
(-1.0182e-17,-0)
(6.08492e-17,-0)
(-2.20511e-17,-0)
(2.48403e-16,-0)
(-5.18099e-17,-0)
(-2.91811e-17,-0)
(8.83679e-17,-0)
(-2.6622e-17,-0)
(9.46269e-17,-0)
(-4.51219e-18,-0)
(-3.40974e-17,-0)
(1.14244e-17,-0)
(3.77316e-18,-0)
(-7.31283e-17,-0)
(3.70908e-17,-0)
(1.01265e-16,-0)
(-1.77282e-17,-0)
(-5.25776e-17,-0)
(-6.41096e-18,-0)
(1.14773e-16,-0)
(1.88781e-17,-0)
(5.49988e-17,-0)
(-1.72477e-16,-0)
(4.73834e-17,-0)
(3.88693e-17,-0)
(-2.97493e-17,-0)
(-2.07102e-17,-0)
(2.42915e-17,-0)
(3.13038e-17,-0)
(-1.82133e-16,-0)
(8.97169e-18,-0)
(1.60182e-16,-0)
(-3.04868e-17,-0)
(2.03466e-16,-0)
(-5.55113e-17,-0)
(2.4692e-16,-0)
(-1.50746e-16,-0)
(1.74822e-18,-0)
(-2.30625e-16,-0)
(-2.00794e-17,-0)
(9.94555e-17,-0)
(-6.84927e-17,-0)
(-1.07316e-16,-0)
(1.19166e-17,-0)

tpd
64
(-2.04812e-16,-0)
(7.81608e-19,-0)
(4.05863e-17,-0)
(5.63957e-18,-0)
(-8.42121e-17,-0)
(-2.38094e-18,-0)
(-1.54811e-16,-0)
(-5.08048e-17,-0)
(4.24797e-17,-0)
(8.28434e-17,-0)
(2.78574e-17,-0)
(1.13746e-16,-0)
(-1.36234e-17,-0)
(-5.92007e-17,-0)
(2.62887e-18,-0)
(-1.53147e-16,-0)
(-1.23067e-16,-0)
(-1.70232e-17,-0)
(9.80597e-17,-0)
(-3.84016e-17,-0)
(1.13827e-16,-0)
(-2.42361e-17,-0)
(9.03882e-17,-0)
(-2.65608e-17,-0)
(2.7617e-17,-0)
(7.3236e-17,-0)
(-8.437e-18,-0)
(3.54402e-17,-0)
(3.88686e-18,-0)
(4.10587e-17,-0)
(1.42518e-17,-0)
(-1.40813e-16,-0)
(-1.2096e-16,-0)
(-8.54677e-17,-0)
(4.12442e-17,-0)
(-1.41387e-17,-0)
(1.40228e-17,-0)
(-4.43063e-18,-0)
(7.30283e-17,-0)
(-2.04457e-17,-0)
(-7.89432e-18,-0)
(2.09518e-17,-0)
(2.6963e-18,-0)
(-1.47591e-17,-0)
(7.10948e-17,-0)
(-5.30808e-17,-0)
(4.27206e-17,-0)
(-2.52351e-16,-0)
(4.21594e-18,-0)
(-5.04238e-17,-0)
(4.49035e-17,-0)
(2.09547e-18,-0)
(-3.90716e-17,-0)
(8.91303e-19,-0)
(-2.09282e-18,-0)
(-3.46619e-17,-0)
(3.93776e-17,-0)
(-9.90313e-19,-0)
(9.85245e-18,-0)
(6.42176e-17,-0)
(-1.11244e-17,-0)
(-1.48043e-16,-0)
(4.42025e-18,-0)
(-1.25385e-17,-0)

spx
64
(0,-0)
(0,-0)
(0,-0)
(0,-0)
(0,-0)
(0,-0)
(0,-0)
(0,-0)
(0,-0)
(0,-0)
(0,-0)
(0,-0)
(0,-0)
(0,-0)
(0,-0)
(0,-0)
(0,-0)
(0,-0)
(0,-0)
(0,-0)
(0,-0)
(0,-0)
(0,-0)
(0,-0)
(0,-0)
(0,-0)
(0,-0)
(0,-0)
(0,-0)
(0,-0)
(0,-0)
(0,-0)
(0,-0)
(0,-0)
(0,-0)
(0,-0)
(0,-0)
(0,-0)
(0,-0)
(0,-0)
(0,-0)
(0,-0)
(0,-0)
(0,-0)
(0,-0)
(0,-0)
(0,-0)
(0,-0)
(0,-0)
(0,-0)
(0,-0)
(0,-0)
(0,-0)
(0,-0)
(0,-0)
(0,-0)
(0,-0)
(0,-0)
(0,-0)
(0,-0)
(0,-0)
(0,-0)
(0,-0)
(0,-0)

spy
64
(0,-0)
(0,-0)
(0,-0)
(0,-0)
(0,-0)
(0,-0)
(0,-0)
(0,-0)
(0,-0)
(0,-0)
(0,-0)
(0,-0)
(0,-0)
(0,-0)
(0,-0)
(0,-0)
(0,-0)
(0,-0)
(0,-0)
(0,-0)
(0,-0)
(0,-0)
(0,-0)
(0,-0)
(0,-0)
(0,-0)
(0,-0)
(0,-0)
(0,-0)
(0,-0)
(0,-0)
(0,-0)
(0,-0)
(0,-0)
(0,-0)
(0,-0)
(0,-0)
(0,-0)
(0,-0)
(0,-0)
(0,-0)
(0,-0)
(0,-0)
(0,-0)
(0,-0)
(0,-0)
(0,-0)
(0,-0)
(0,-0)
(0,-0)
(0,-0)
(0,-0)
(0,-0)
(0,-0)
(0,-0)
(0,-0)
(0,-0)
(0,-0)
(0,-0)
(0,-0)
(0,-0)
(0,-0)
(0,-0)
(0,-0)

opx
64
(0,-0)
(0,-0)
(0,-0)
(0,-0)
(0,-0)
(0,-0)
(0,-0)
(0,-0)
(0,-0)
(0,-0)
(0,-0)
(0,-0)
(0,-0)
(0,-0)
(0,-0)
(0,-0)
(0,-0)
(0,-0)
(0,-0)
(0,-0)
(0,-0)
(0,-0)
(0,-0)
(0,-0)
(0,-0)
(0,-0)
(0,-0)
(0,-0)
(0,-0)
(0,-0)
(0,-0)
(0,-0)
(0,-0)
(0,-0)
(0,-0)
(0,-0)
(0,-0)
(0,-0)
(0,-0)
(0,-0)
(0,-0)
(0,-0)
(0,-0)
(0,-0)
(0,-0)
(0,-0)
(0,-0)
(0,-0)
(0,-0)
(0,-0)
(0,-0)
(0,-0)
(0,-0)
(0,-0)
(0,-0)
(0,-0)
(0,-0)
(0,-0)
(0,-0)
(0,-0)
(0,-0)
(0,-0)
(0,-0)
(0,-0)

opy
64
(0,-0)
(0,-0)
(0,-0)
(0,-0)
(0,-0)
(0,-0)
(0,-0)
(0,-0)
(0,-0)
(0,-0)
(0,-0)
(0,-0)
(0,-0)
(0,-0)
(0,-0)
(0,-0)
(0,-0)
(0,-0)
(0,-0)
(0,-0)
(0,-0)
(0,-0)
(0,-0)
(0,-0)
(0,-0)
(0,-0)
(0,-0)
(0,-0)
(0,-0)
(0,-0)
(0,-0)
(0,-0)
(0,-0)
(0,-0)
(0,-0)
(0,-0)
(0,-0)
(0,-0)
(0,-0)
(0,-0)
(0,-0)
(0,-0)
(0,-0)
(0,-0)
(0,-0)
(0,-0)
(0,-0)
(0,-0)
(0,-0)
(0,-0)
(0,-0)
(0,-0)
(0,-0)
(0,-0)
(0,-0)
(0,-0)
(0,-0)
(0,-0)
(0,-0)
(0,-0)
(0,-0)
(0,-0)
(0,-0)
(0,-0)

#Mu: 3.5
#NumOfElectrons: 128
#LocalChargeDensity
64
2
2
2
2
2
2
2
2
2
2
2
2
2
2
2
2
2
2
2
2
2
2
2
2
2
2
2
2
2
2
2
2
2
2
2
2
2
2
2
2
2
2
2
2
2
2
2
2
2
2
2
2
2
2
2
2
2
2
2
2
2
2
2
2
#nx
64
1
1
1
1
1
1
1
1
1
1
1
1
1
1
1
1
1
1
1
1
1
1
1
1
1
1
1
1
1
1
1
1
1
1
1
1
1
1
1
1
1
1
1
1
1
1
1
1
1
1
1
1
1
1
1
1
1
1
1
1
1
1
1
1
#ny
64
1
1
1
1
1
1
1
1
1
1
1
1
1
1
1
1
1
1
1
1
1
1
1
1
1
1
1
1
1
1
1
1
1
1
1
1
1
1
1
1
1
1
1
1
1
1
1
1
1
1
1
1
1
1
1
1
1
1
1
1
1
1
1
1
#MagneticMoment
64
#mx
64
0.796174
0.796174
0.796174
0.796174
0.796174
0.796174
0.796174
0.796174
0.796174
0.796174
0.796174
0.796174
0.796174
0.796174
0.796174
0.796174
0.796174
0.796174
0.796174
0.796174
0.796174
0.796174
0.796174
0.796174
0.796174
0.796174
0.796174
0.796174
0.796174
0.796174
0.796174
0.796174
0.796174
0.796174
0.796174
0.796174
0.796174
0.796174
0.796174
0.796174
0.796174
0.796174
0.796174
0.796174
0.796174
0.796174
0.796174
0.796174
0.796174
0.796174
0.796174
0.796174
0.796174
0.796174
0.796174
0.796174
0.796174
0.796174
0.796174
0.796174
0.796174
0.796174
0.796174
0.796174
#my
64
0.919955
0.919955
0.919955
0.919955
0.919955
0.919955
0.919955
0.919955
0.919955
0.919955
0.919955
0.919955
0.919955
0.919955
0.919955
0.919955
0.919955
0.919955
0.919955
0.919955
0.919955
0.919955
0.919955
0.919955
0.919955
0.919955
0.919955
0.919955
0.919955
0.919955
0.919955
0.919955
0.919955
0.919955
0.919955
0.919955
0.919955
0.919955
0.919955
0.919955
0.919955
0.919955
0.919955
0.919955
0.919955
0.919955
0.919955
0.919955
0.919955
0.919955
0.919955
0.919955
0.919955
0.919955
0.919955
0.919955
0.919955
0.919955
0.919955
0.919955
0.919955
0.919955
0.919955
0.919955
#thetaX
64
0
3.14159
0
3.14159
0
3.14159
0
3.14159
3.14159
0
3.14159
0
3.14159
0
3.14159
0
0
3.14159
0
3.14159
0
3.14159
0
3.14159
3.14159
0
3.14159
0
3.14159
0
3.14159
0
0
3.14159
0
3.14159
0
3.14159
0
3.14159
3.14159
0
3.14159
0
3.14159
0
3.14159
0
0
3.14159
0
3.14159
0
3.14159
0
3.14159
3.14159
0
3.14159
0
3.14159
0
3.14159
0
#thetaY
64
0
3.14159
0
3.14159
0
3.14159
0
3.14159
3.14159
0
3.14159
0
3.14159
0
3.14159
0
0
3.14159
0
3.14159
0
3.14159
0
3.14159
3.14159
0
3.14159
0
3.14159
0
3.14159
0
0
3.14159
0
3.14159
0
3.14159
0
3.14159
3.14159
0
3.14159
0
3.14159
0
3.14159
0
0
3.14159
0
3.14159
0
3.14159
0
3.14159
3.14159
0
3.14159
0
3.14159
0
3.14159
0
#phiX
64
-nan
1.5708
-nan
1.5708
-nan
1.5708
-nan
1.5708
1.5708
-nan
1.5708
-nan
1.5708
-nan
1.5708
-nan
-nan
1.5708
-nan
1.5708
-nan
1.5708
-nan
1.5708
1.5708
-nan
1.5708
-nan
1.5708
-nan
1.5708
-nan
-nan
1.5708
-nan
1.5708
-nan
1.5708
-nan
1.5708
1.5708
-nan
1.5708
-nan
1.5708
-nan
1.5708
-nan
-nan
1.5708
-nan
1.5708
-nan
1.5708
-nan
1.5708
1.5708
-nan
1.5708
-nan
1.5708
-nan
1.5708
-nan
#phiY
64
-nan
1.5708
-nan
1.5708
-nan
1.5708
-nan
1.5708
1.5708
-nan
1.5708
-nan
1.5708
-nan
1.5708
-nan
-nan
1.5708
-nan
1.5708
-nan
1.5708
-nan
1.5708
1.5708
-nan
1.5708
-nan
1.5708
-nan
1.5708
-nan
-nan
1.5708
-nan
1.5708
-nan
1.5708
-nan
1.5708
1.5708
-nan
1.5708
-nan
1.5708
-nan
1.5708
-nan
-nan
1.5708
-nan
1.5708
-nan
1.5708
-nan
1.5708
1.5708
-nan
1.5708
-nan
1.5708
-nan
1.5708
-nan
#StopTime= Mon Sep 24 11:46:14 2012
#EOF
