   1.0000000000000000       0.26562500000000000       0.44138008525015460     
   1.0000000000000000       0.26562500000000000       0.88276017050033584     
   1.0000000000000000       0.26562500000000000       0.88276017050033584     
   1.0000000000000000       0.26562500000000000       0.88276017050033584     
   1.0000000000000000       0.28125000000000000        8.4916633568468676     
   1.0000000000000000       0.28125000000000000        16.983326713695359     
   1.0000000000000000       0.28125000000000000        16.983326713695359     
   1.0000000000000000       0.28125000000000000        16.983326713695359     
   1.0000000000000000       0.28125000000000000        16.983326713695359     
   1.0000000000000000       0.28125000000000000        16.983326713695359     
   1.0000000000000000       0.29687500000000000        134.60849191798476     
   1.0000000000000000       0.29687500000000000        269.21698383597186     
   1.0000000000000000       0.29687500000000000        269.21698383597186     
   1.0000000000000000       0.29687500000000000        269.21698383597186     
  0.29687500000000000        0.0000000000000000        30.685383300202584     
  0.29687500000000000        0.0000000000000000        61.370766600403797     
   1.0000000000000000       0.31250000000000000        144.02027245479357     
   1.0000000000000000       0.31250000000000000        288.04054490958703     
   1.0000000000000000       0.32812500000000000        7.5437207072197916     
   1.0000000000000000       0.32812500000000000        15.087441414438963     
   1.0000000000000000       0.34375000000000000       0.25132520676342240     
   1.0000000000000000       0.34375000000000000       0.50265041352680939     
  0.75000000000000000       1.56250000000000000E-002  1.75436432100121992E-004
  0.75000000000000000       1.56250000000000000E-002  3.50872864200227992E-004
  0.75000000000000000       1.56250000000000000E-002  3.50872864200228209E-004
  0.75000000000000000       1.56250000000000000E-002  3.50872864200228425E-004
  0.76562500000000000       1.56250000000000000E-002  1.47637773214643261E-002
  0.76562500000000000       1.56250000000000000E-002  2.95275546429283886E-002
  0.78125000000000000       1.56250000000000000E-002  1.66299216709431402E-002
  0.78125000000000000       1.56250000000000000E-002  3.32598433418876196E-002
  0.78125000000000000       1.56250000000000000E-002  3.32598433418891393E-002
  0.78125000000000000       1.56250000000000000E-002  3.32598433418906589E-002
  0.79687500000000000       1.56250000000000000E-002  2.59185178553221734E-004
  0.79687500000000000       1.56250000000000000E-002  5.18370357106458430E-004
  0.79687500000000000       1.56250000000000000E-002  5.18370357106263599E-004
  0.79687500000000000       1.56250000000000000E-002  5.18370357106273790E-004
  0.79687500000000000       1.56250000000000000E-002  5.18370357175069454E-004
  0.79687500000000000       1.56250000000000000E-002  5.18370357244906928E-004
  0.29687500000000000       1.56250000000000000E-002   72.559512277151583     
  0.29687500000000000       1.56250000000000000E-002   145.11902455430268     
  0.75000000000000000       3.12500000000000000E-002  4.42941002520078140E-004
  0.75000000000000000       3.12500000000000000E-002  8.85882005040143053E-004
  0.75000000000000000       3.12500000000000000E-002  8.85882005040143487E-004
  0.75000000000000000       3.12500000000000000E-002  8.85882005040143920E-004
  0.76562500000000000       3.12500000000000000E-002  4.03324135431805328E-002
  0.76562500000000000       3.12500000000000000E-002  8.06648270863598582E-002
  0.78125000000000000       3.12500000000000000E-002  9.05894472139003731E-002
  0.78125000000000000       3.12500000000000000E-002  0.18117889442780558     
  0.78125000000000000       3.12500000000000000E-002  0.18117889442782115     
  0.78125000000000000       3.12500000000000000E-002  0.18117889442783672     
  0.79687500000000000       3.12500000000000000E-002  1.55092468857276561E-003
  0.79687500000000000       3.12500000000000000E-002  3.10184937714565873E-003
  0.79687500000000000       3.12500000000000000E-002  3.10184937714424840E-003
  0.79687500000000000       3.12500000000000000E-002  3.10184937714268411E-003
  0.79687500000000000       3.12500000000000000E-002  3.10184937736644739E-003
  0.79687500000000000       3.12500000000000000E-002  3.10184937759320264E-003
  0.29687500000000000       3.12500000000000000E-002   234.88606057470579     
  0.29687500000000000       3.12500000000000000E-002   469.77212114941034     
  0.75000000000000000       4.68750000000000000E-002  4.63657444196504038E-004
  0.75000000000000000       4.68750000000000000E-002  9.27314888392953432E-004
  0.75000000000000000       4.68750000000000000E-002  9.27314888392953866E-004
  0.75000000000000000       4.68750000000000000E-002  9.27314888392955059E-004
  0.76562500000000000       4.68750000000000000E-002  4.61896814729220034E-002
  0.76562500000000000       4.68750000000000000E-002  9.23793629458419530E-002
  0.78125000000000000       4.68750000000000000E-002  0.30421062991242892     
  0.78125000000000000       4.68750000000000000E-002  0.60842125982485595     
  0.79687500000000000       4.68750000000000000E-002  6.80344655302918960E-003
  0.79687500000000000       4.68750000000000000E-002  1.36068931060584521E-002
  0.79687500000000000       4.68750000000000000E-002  1.36068931060640066E-002
  0.79687500000000000       4.68750000000000000E-002  1.36068931060696254E-002
  0.79687500000000000       4.68750000000000000E-002  1.36068931060679080E-002
  0.79687500000000000       4.68750000000000000E-002  1.36068931060665931E-002
  0.29687500000000000       4.68750000000000000E-002   5.8673577275450732     
  0.29687500000000000       4.68750000000000000E-002   11.734715455090308     
  0.29687500000000000       4.68750000000000000E-002   11.734715455090749     
  0.29687500000000000       4.68750000000000000E-002   11.734715455091189     
  0.81250000000000000       4.68750000000000000E-002  1.05551941058398070E-004
  0.81250000000000000       4.68750000000000000E-002  2.11103882116798824E-004
  0.81250000000000000       4.68750000000000000E-002  2.11103882116564663E-004
  0.81250000000000000       4.68750000000000000E-002  2.11103882116323537E-004
  0.75000000000000000       6.25000000000000000E-002  2.83488614766636178E-004
  0.75000000000000000       6.25000000000000000E-002  5.66977229533228663E-004
  0.75000000000000000       6.25000000000000000E-002  5.66977229533228880E-004
  0.75000000000000000       6.25000000000000000E-002  5.66977229533229313E-004
  0.76562500000000000       6.25000000000000000E-002  3.05997025500867013E-002
  0.76562500000000000       6.25000000000000000E-002  6.11994051001732847E-002
  0.78125000000000000       6.25000000000000000E-002  0.67458154837625428     
  0.78125000000000000       6.25000000000000000E-002   1.3491630967525086     
  0.79687500000000000       6.25000000000000000E-002  3.04269778184377143E-002
  0.79687500000000000       6.25000000000000000E-002  6.08539556368777462E-002
  0.79687500000000000       6.25000000000000000E-002  6.08539556368783222E-002
  0.79687500000000000       6.25000000000000000E-002  6.08539556368787940E-002
  0.79687500000000000       6.25000000000000000E-002  6.08539556368864892E-002
  0.79687500000000000       6.25000000000000000E-002  6.08539556368941914E-002
  0.81250000000000000       6.25000000000000000E-002  4.61928695525979217E-004
  0.81250000000000000       6.25000000000000000E-002  9.23857391051974156E-004
  0.81250000000000000       6.25000000000000000E-002  9.23857391051959519E-004
  0.81250000000000000       6.25000000000000000E-002  9.23857391051937401E-004
  0.76562500000000000       7.81250000000000000E-002  1.31243250510091336E-002
  0.76562500000000000       7.81250000000000000E-002  2.62486501020173339E-002
  0.78125000000000000       7.81250000000000000E-002  0.72038247951496159     
  0.78125000000000000       7.81250000000000000E-002   1.4407649590299294     
  0.78125000000000000       7.81250000000000000E-002   1.4407649590299623     
  0.78125000000000000       7.81250000000000000E-002   1.4407649590299947     
  0.28125000000000000       7.81250000000000000E-002   34.096586632881554     
  0.28125000000000000       7.81250000000000000E-002   68.193173265758077     
  0.79687500000000000       7.81250000000000000E-002  0.14874972885952290     
  0.79687500000000000       7.81250000000000000E-002  0.29749945771904274     
  0.79687500000000000       7.81250000000000000E-002  0.29749945771904274     
  0.79687500000000000       7.81250000000000000E-002  0.29749945771904274     
  0.81250000000000000       7.81250000000000000E-002  2.28601299417146913E-003
  0.81250000000000000       7.81250000000000000E-002  4.57202598834321062E-003
  0.81250000000000000       7.81250000000000000E-002  4.57202598834320888E-003
  0.81250000000000000       7.81250000000000000E-002  4.57202598834320715E-003
  0.76562500000000000       9.37500000000000000E-002  3.87963624138969090E-003
  0.76562500000000000       9.37500000000000000E-002  7.75927248277503458E-003
  0.78125000000000000       9.37500000000000000E-002  0.32949401306212550     
  0.78125000000000000       9.37500000000000000E-002  0.65898802612423968     
  0.78125000000000000       9.37500000000000000E-002  0.65898802612423957     
  0.78125000000000000       9.37500000000000000E-002  0.65898802612423946     
  0.28125000000000000       9.37500000000000000E-002   1.6004396334412607     
  0.28125000000000000       9.37500000000000000E-002   3.2008792668826089     
  0.28125000000000000       9.37500000000000000E-002   3.2008792668826103     
  0.28125000000000000       9.37500000000000000E-002   3.2008792668826116     
  0.28125000000000000       9.37500000000000000E-002   3.2008792668826525     
  0.28125000000000000       9.37500000000000000E-002   3.2008792668826933     
  0.79687500000000000       9.37500000000000000E-002  0.70708792603094284     
  0.79687500000000000       9.37500000000000000E-002   1.4141758520618979     
  0.79687500000000000       9.37500000000000000E-002   1.4141758520618979     
  0.79687500000000000       9.37500000000000000E-002   1.4141758520618979     
  0.81250000000000000       9.37500000000000000E-002  1.33299050163109122E-002
  0.81250000000000000       9.37500000000000000E-002  2.66598100326225253E-002
  0.81250000000000000       9.37500000000000000E-002  2.66598100327267579E-002
  0.81250000000000000       9.37500000000000000E-002  2.66598100328312923E-002
  0.82812500000000000       9.37500000000000000E-002  2.36067063508225007E-004
  0.82812500000000000       9.37500000000000000E-002  4.72134127016450448E-004
  0.76562500000000000       0.10937500000000000       8.21140668153318631E-004
  0.76562500000000000       0.10937500000000000       1.64228133628609575E-003
  0.26562500000000000       0.10937500000000000        11.416823439625848     
  0.26562500000000000       0.10937500000000000        22.833646879251290     
  0.26562500000000000       0.10937500000000000        22.833646879251290     
  0.26562500000000000       0.10937500000000000        22.833646879251290     
  0.78125000000000000       0.10937500000000000       8.29702911352410838E-002
  0.78125000000000000       0.10937500000000000       0.16594058227047986     
  0.78125000000000000       0.10937500000000000       0.16594058227047986     
  0.78125000000000000       0.10937500000000000       0.16594058227047986     
  0.79687500000000000       0.10937500000000000        1.7661515171544793     
  0.79687500000000000       0.10937500000000000        3.5323030343089603     
  0.81250000000000000       0.10937500000000000       9.19350656153449242E-002
  0.81250000000000000       0.10937500000000000       0.18387013123069207     
  0.82812500000000000       0.10937500000000000       1.56724681749052666E-003
  0.82812500000000000       0.10937500000000000       3.13449363498122550E-003
  0.82812500000000000       0.10937500000000000       3.13449363498745403E-003
  0.82812500000000000       0.10937500000000000       3.13449363499368732E-003
  0.26562500000000000       0.12500000000000000       0.33815136869026691     
  0.26562500000000000       0.12500000000000000       0.67630273738054292     
  0.26562500000000000       0.12500000000000000       0.67630273738054469     
  0.26562500000000000       0.12500000000000000       0.67630273738054625     
  0.26562500000000000       0.12500000000000000       0.67630273738054814     
  0.26562500000000000       0.12500000000000000       0.67630273738055002     
  0.78125000000000000       0.12500000000000000       1.42966279832924242E-002
  0.78125000000000000       0.12500000000000000       2.85932559665857088E-002
  0.79687500000000000       0.12500000000000000       0.94348189191632159     
  0.79687500000000000       0.12500000000000000        1.8869637838326236     
  0.81250000000000000       0.12500000000000000       0.67099556223839529     
  0.81250000000000000       0.12500000000000000        1.3419911244768201     
  0.82812500000000000       0.12500000000000000       1.25515091711173518E-002
  0.82812500000000000       0.12500000000000000       2.51030183422333783E-002
  0.84375000000000000       0.12500000000000000       2.60923458230288602E-004
  0.84375000000000000       0.12500000000000000       5.21846916460585010E-004
  0.84375000000000000       0.12500000000000000       5.21846916461513087E-004
  0.84375000000000000       0.12500000000000000       5.21846916462439213E-004
  0.25000000000000000       0.14062500000000000        157.75255853490967     
  0.25000000000000000       0.14062500000000000        315.50511706982331     
  0.25000000000000000       0.14062500000000000        315.50511706982394     
  0.25000000000000000       0.14062500000000000        315.50511706982456     
  0.25000000000000000       0.14062500000000000        315.50511706982456     
  0.25000000000000000       0.14062500000000000        315.50511706982456     
  0.25000000000000000       0.14062500000000000        315.50511706982456     
  0.25000000000000000       0.14062500000000000        315.50511706982456     
  0.78125000000000000       0.14062500000000000       1.82981759256255422E-003
  0.78125000000000000       0.14062500000000000       3.65963518512620392E-003
  0.79687500000000000       0.14062500000000000       0.16374732834058073     
  0.79687500000000000       0.14062500000000000       0.32749465668116162     
  0.81250000000000000       0.14062500000000000        2.4709523453527868     
  0.81250000000000000       0.14062500000000000        4.9419046907055790     
  0.82812500000000000       0.14062500000000000       0.11943556927619298     
  0.82812500000000000       0.14062500000000000       0.23887113855239253     
  0.84375000000000000       0.14062500000000000       2.36439792598568165E-003
  0.84375000000000000       0.14062500000000000       4.72879585197142835E-003
  0.84375000000000000       0.14062500000000000       4.72879585197613986E-003
  0.84375000000000000       0.14062500000000000       4.72879585198085484E-003
  0.23437500000000000       0.15625000000000000        7.3419410702048760     
  0.23437500000000000       0.15625000000000000        14.683882140409159     
  0.23437500000000000       0.15625000000000000        14.683882140409159     
  0.23437500000000000       0.15625000000000000        14.683882140409159     
  0.79687500000000000       0.15625000000000000       1.81234713999524864E-002
  0.79687500000000000       0.15625000000000000       3.62469427999061039E-002
  0.81250000000000000       0.15625000000000000        1.0959048370457929     
  0.81250000000000000       0.15625000000000000        2.1918096740915569     
  0.82812500000000000       0.15625000000000000        1.1194056154842376     
  0.82812500000000000       0.15625000000000000        2.2388112309685937     
  0.84375000000000000       0.15625000000000000       2.57448991455317133E-002
  0.84375000000000000       0.15625000000000000       5.14897982910648699E-002
  0.84375000000000000       0.15625000000000000       5.14897982910648838E-002
  0.84375000000000000       0.15625000000000000       5.14897982910648908E-002
  0.84375000000000000       0.14062500000000000       6.29362138331125373E-004
  0.84375000000000000       0.14062500000000000       1.25872427666228501E-003
  0.84375000000000000       0.14062500000000000       1.25872427666228631E-003
  0.84375000000000000       0.14062500000000000       1.25872427666228739E-003
  0.84375000000000000       0.14062500000000000       1.25872427666773551E-003
  0.84375000000000000       0.14062500000000000       1.25872427667316909E-003
  0.21875000000000000       0.17187500000000000       0.24848224928307491     
  0.21875000000000000       0.17187500000000000       0.49696449856614283     
  0.21875000000000000       0.17187500000000000       0.49696449856614305     
  0.21875000000000000       0.17187500000000000       0.49696449856614328     
  0.79687500000000000       0.17187500000000000       1.53058609890490143E-003
  0.79687500000000000       0.17187500000000000       3.06117219780970961E-003
  0.81250000000000000       0.17187500000000000       0.12364456549697177     
  0.81250000000000000       0.17187500000000000       0.24728913099394287     
  0.82812500000000000       0.17187500000000000        2.9180346130864372     
  0.82812500000000000       0.17187500000000000        5.8360692261728335     
  0.82812500000000000       0.17187500000000000        5.8360692261728326     
  0.82812500000000000       0.17187500000000000        5.8360692261728335     
  0.82812500000000000       0.15625000000000000       0.32029189535795649     
  0.82812500000000000       0.15625000000000000       0.64058379071592830     
  0.82812500000000000       0.15625000000000000       0.64058379071592730     
  0.82812500000000000       0.15625000000000000       0.64058379071592619     
  0.82812500000000000       0.14062500000000000       7.65021916389024576E-003
  0.82812500000000000       0.14062500000000000       1.53004383277807136E-002
  0.82812500000000000       0.14062500000000000       1.53004383277807552E-002
  0.82812500000000000       0.14062500000000000       1.53004383277808263E-002
  0.20312500000000000       0.18750000000000000       4.39486028562800016E-002
  0.20312500000000000       0.18750000000000000       8.78972057125575884E-002
  0.21875000000000000       0.18750000000000000       0.20165597086932732     
  0.21875000000000000       0.18750000000000000       0.40331194173868262     
  0.81250000000000000       0.18750000000000000       9.31136571890133283E-003
  0.81250000000000000       0.18750000000000000       1.86227314378023985E-002
  0.81250000000000000       0.18750000000000000       1.86227314378024020E-002
  0.81250000000000000       0.18750000000000000       1.86227314378024089E-002
  0.81250000000000000       0.17187500000000000       0.56109999616265305     
  0.81250000000000000       0.17187500000000000        1.1221999923252783     
  0.81250000000000000       0.17187500000000000        1.1221999923252783     
  0.81250000000000000       0.17187500000000000        1.1221999923252783     
  0.81250000000000000       0.15625000000000000        2.6121004877299296     
  0.81250000000000000       0.15625000000000000        5.2242009754598850     
  0.81250000000000000       0.15625000000000000        5.2242009754598850     
  0.81250000000000000       0.15625000000000000        5.2242009754598850     
  0.81250000000000000       0.14062500000000000       0.10907819806930612     
  0.81250000000000000       0.14062500000000000       0.21815639613861554     
  0.81250000000000000       0.14062500000000000       0.21815639613861720     
  0.81250000000000000       0.14062500000000000       0.21815639613861917     
  0.81250000000000000       0.12500000000000000       3.19736566674798470E-003
  0.81250000000000000       0.12500000000000000       6.39473133349614548E-003
  0.81250000000000000       0.12500000000000000       6.39473133349627385E-003
  0.81250000000000000       0.12500000000000000       6.39473133349647335E-003
  0.18750000000000000       0.20312500000000000       3.91558208002108846E-002
  0.18750000000000000       0.20312500000000000       7.83116416004184662E-002
  0.20312500000000000       0.20312500000000000       0.40746395525212420     
  0.20312500000000000       0.20312500000000000       0.81492791050430491     
  0.79687500000000000       0.17187500000000000       4.01455037883700142E-002
  0.79687500000000000       0.17187500000000000       8.02910075767378356E-002
  0.79687500000000000       0.17187500000000000       8.02910075767378356E-002
  0.79687500000000000       0.17187500000000000       8.02910075767378356E-002
  0.79687500000000000       0.15625000000000000        1.5703320355788806     
  0.79687500000000000       0.15625000000000000        3.1406640711576905     
  0.79687500000000000       0.15625000000000000        3.1406640711576905     
  0.79687500000000000       0.15625000000000000        3.1406640711576905     
  0.79687500000000000       0.14062500000000000        1.4246128948923560     
  0.79687500000000000       0.14062500000000000        2.8492257897848519     
  0.79687500000000000       0.14062500000000000        2.8492257897848519     
  0.79687500000000000       0.14062500000000000        2.8492257897848519     
  0.79687500000000000       0.12500000000000000       5.04021115075435691E-002
  0.79687500000000000       0.12500000000000000       0.10080422301509000     
  0.79687500000000000       0.12500000000000000       0.10080422301508973     
  0.79687500000000000       0.12500000000000000       0.10080422301508934     
  0.79687500000000000       0.10937500000000000       1.89515033831729406E-003
  0.79687500000000000       0.10937500000000000       3.79030067663469741E-003
  0.79687500000000000       0.10937500000000000       3.79030067663382528E-003
  0.79687500000000000       0.10937500000000000       3.79030067663284559E-003
  0.17187500000000000       0.21875000000000000       0.17516331177756103     
  0.17187500000000000       0.21875000000000000       0.35032662355511734     
  0.17187500000000000       0.21875000000000000       0.35032662355511734     
  0.17187500000000000       0.21875000000000000       0.35032662355511734     
  0.18750000000000000       0.21875000000000000       0.16119674243815171     
  0.18750000000000000       0.21875000000000000       0.32239348487630798     
  0.78125000000000000       0.17187500000000000       2.18790030865770964E-003
  0.78125000000000000       0.17187500000000000       4.37580061731489452E-003
  0.78125000000000000       0.15625000000000000       0.12141167811756984     
  0.78125000000000000       0.15625000000000000       0.24282335623513956     
  0.78125000000000000       0.14062500000000000        2.6162646306820299     
  0.78125000000000000       0.14062500000000000        5.2325292613640570     
  0.78125000000000000       0.14062500000000000        5.2325292613640570     
  0.78125000000000000       0.14062500000000000        5.2325292613640570     
  0.78125000000000000       0.12500000000000000       0.80766136430108570     
  0.78125000000000000       0.12500000000000000        1.6153227286022072     
  0.78125000000000000       0.12500000000000000        1.6153227286022072     
  0.78125000000000000       0.12500000000000000        1.6153227286022072     
  0.78125000000000000       0.10937500000000000       3.25903773057329288E-002
  0.78125000000000000       0.10937500000000000       6.51807546114675784E-002
  0.78125000000000000       0.10937500000000000       6.51807546114675507E-002
  0.78125000000000000       0.10937500000000000       6.51807546114675368E-002
  0.78125000000000000       0.10937500000000000       6.51807546114675923E-002
  0.78125000000000000       0.10937500000000000       6.51807546114676478E-002
  0.78125000000000000       9.37500000000000000E-002  1.60403858260180763E-003
  0.78125000000000000       9.37500000000000000E-002  3.20807716520366297E-003
  0.78125000000000000       9.37500000000000000E-002  3.20807716520366340E-003
  0.78125000000000000       9.37500000000000000E-002  3.20807716520366513E-003
  0.78125000000000000       9.37500000000000000E-002  3.20807716520339192E-003
  0.78125000000000000       9.37500000000000000E-002  3.20807716520303890E-003
  0.78125000000000000       9.37500000000000000E-002  3.20807716520390496E-003
  0.78125000000000000       9.37500000000000000E-002  3.20807716520477145E-003
  0.15625000000000000       0.23437500000000000        4.0547615419421961     
  0.15625000000000000       0.23437500000000000        8.1095230838843921     
  0.15625000000000000       0.23437500000000000        8.1095230838843921     
  0.15625000000000000       0.23437500000000000        8.1095230838843921     
  0.76562500000000000       0.15625000000000000       6.15669958948291025E-003
  0.76562500000000000       0.15625000000000000       1.23133991789619625E-002
  0.76562500000000000       0.14062500000000000       0.25399370762979406     
  0.76562500000000000       0.14062500000000000       0.50798741525957458     
  0.76562500000000000       0.12500000000000000        2.9305643735419706     
  0.76562500000000000       0.12500000000000000        5.8611287470838773     
  0.76562500000000000       0.12500000000000000        5.8611287470838773     
  0.76562500000000000       0.12500000000000000        5.8611287470838773     
  0.76562500000000000       0.10937500000000000       0.58132651772048394     
  0.76562500000000000       0.10937500000000000        1.1626530354410098     
  0.76562500000000000       0.10937500000000000        1.1626530354410112     
  0.76562500000000000       0.10937500000000000        1.1626530354410125     
  0.76562500000000000       0.10937500000000000        1.1626530354410125     
  0.76562500000000000       0.10937500000000000        1.1626530354410125     
  0.76562500000000000       0.10937500000000000        1.1626530354410125     
  0.76562500000000000       0.10937500000000000        1.1626530354410125     
  0.76562500000000000       9.37500000000000000E-002  2.98681460444200284E-002
  0.76562500000000000       9.37500000000000000E-002  5.97362920888409449E-002
  0.76562500000000000       9.37500000000000000E-002  5.97362920888490981E-002
  0.76562500000000000       9.37500000000000000E-002  5.97362920888572513E-002
  0.76562500000000000       9.37500000000000000E-002  5.97362920888572443E-002
  0.76562500000000000       9.37500000000000000E-002  5.97362920888572443E-002
  0.76562500000000000       7.81250000000000000E-002  1.94822005141049312E-003
  0.76562500000000000       7.81250000000000000E-002  3.89644010282103612E-003
  0.76562500000000000       7.81250000000000000E-002  3.89644010282372668E-003
  0.76562500000000000       7.81250000000000000E-002  3.89644010282641420E-003
  0.76562500000000000       7.81250000000000000E-002  3.89644010282643848E-003
  0.76562500000000000       7.81250000000000000E-002  3.89644010282646754E-003
  0.76562500000000000       6.25000000000000000E-002  1.77096376363462653E-004
  0.76562500000000000       6.25000000000000000E-002  3.54192752726930455E-004
  0.76562500000000000       6.25000000000000000E-002  3.54192752727203511E-004
  0.76562500000000000       6.25000000000000000E-002  3.54192752727476730E-004
  0.76562500000000000       6.25000000000000000E-002  3.54192752727558642E-004
  0.76562500000000000       6.25000000000000000E-002  3.54192752727625374E-004
   1.0000000000000000       0.25000000000000000       0.90565484765473103     
   1.0000000000000000       0.25000000000000000        1.8113096953093364     
   1.0000000000000000       0.25000000000000000        1.8113096953093371     
   1.0000000000000000       0.25000000000000000        1.8113096953093379     
  0.98437500000000000       0.25000000000000000       0.77664249587859790     
  0.98437500000000000       0.25000000000000000        1.5532849917571521     
  0.98437500000000000       0.25000000000000000        1.5532849917571530     
  0.98437500000000000       0.25000000000000000        1.5532849917571538     
  0.96875000000000000       0.25000000000000000       0.48998529832352450     
  0.96875000000000000       0.25000000000000000       0.97997059664704900     
  0.96875000000000000       0.25000000000000000       0.97997059664704933     
  0.96875000000000000       0.25000000000000000       0.97997059664704977     
  0.95312500000000000       0.25000000000000000       0.22777761637183724     
  0.95312500000000000       0.25000000000000000       0.45555523274363086     
  0.95312500000000000       0.25000000000000000       0.45555523274363113     
  0.95312500000000000       0.25000000000000000       0.45555523274363124     
  0.93750000000000000       0.25000000000000000       7.82516921606479926E-002
  0.93750000000000000       0.25000000000000000       0.15650338432128938     
  0.93750000000000000       0.25000000000000000       0.15650338432128943     
  0.93750000000000000       0.25000000000000000       0.15650338432128952     
  0.14062500000000000       0.25000000000000000        67.102695848225252     
  0.14062500000000000       0.25000000000000000        134.20539169645173     
  0.14062500000000000       0.25000000000000000        134.20539169645198     
  0.14062500000000000       0.25000000000000000        134.20539169645227     
  0.14062500000000000       0.25000000000000000        134.20539169645227     
  0.14062500000000000       0.25000000000000000        134.20539169645227     
  0.14062500000000000       0.25000000000000000        134.20539169645227     
  0.14062500000000000       0.25000000000000000        134.20539169645227     
  0.75000000000000000       0.14062500000000000       1.22156289249411906E-002
  0.75000000000000000       0.14062500000000000       2.44312578498168710E-002
  0.75000000000000000       0.12500000000000000       0.36368955160481387     
  0.75000000000000000       0.12500000000000000       0.72737910320960475     
  0.75000000000000000       0.10937500000000000        2.6758463447070207     
  0.75000000000000000       0.10937500000000000        5.3516926894140067     
  0.75000000000000000       9.37500000000000000E-002  0.56024921023508123     
  0.75000000000000000       9.37500000000000000E-002   1.1204984204701827     
  0.75000000000000000       7.81250000000000000E-002  3.90143461399016234E-002
  0.75000000000000000       7.81250000000000000E-002  7.80286922798050647E-002
  0.75000000000000000       6.25000000000000000E-002  3.38922728980688322E-003
  0.75000000000000000       6.25000000000000000E-002  6.77845457961382108E-003
  0.75000000000000000       6.25000000000000000E-002  6.77845457961382021E-003
  0.75000000000000000       6.25000000000000000E-002  6.77845457961382021E-003
  0.75000000000000000       6.25000000000000000E-002  6.77845457961382108E-003
  0.75000000000000000       6.25000000000000000E-002  6.77845457961382195E-003
  0.75000000000000000       4.68750000000000000E-002  3.97158088517922424E-004
  0.75000000000000000       4.68750000000000000E-002  7.94316177035891469E-004
  0.75000000000000000       4.68750000000000000E-002  7.94316177035888759E-004
  0.75000000000000000       4.68750000000000000E-002  7.94316177035886048E-004
  0.75000000000000000       4.68750000000000000E-002  7.94316177035890168E-004
  0.75000000000000000       4.68750000000000000E-002  7.94316177035893963E-004
  0.75000000000000000       3.12500000000000000E-002  1.14579309038434710E-004
  0.75000000000000000       3.12500000000000000E-002  1.14579309038435428E-004
  0.75000000000000000       3.12500000000000000E-002  1.14579309038436472E-004
  0.75000000000000000       3.12500000000000000E-002  1.14579309038436702E-004
  0.75000000000000000       3.12500000000000000E-002  1.14579309038437868E-004
   1.0000000000000000       0.23437500000000000        85.088940466949452     
   1.0000000000000000       0.23437500000000000        170.17788093388737     
  0.98437500000000000       0.23437500000000000        75.359538320172035     
  0.98437500000000000       0.23437500000000000        150.71907664034063     
  0.96875000000000000       0.23437500000000000        51.438513615715998     
  0.96875000000000000       0.23437500000000000        102.87702723142947     
  0.95312500000000000       0.23437500000000000        26.156841985090228     
  0.95312500000000000       0.23437500000000000        52.313683970179731     
  0.93750000000000000       0.23437500000000000        9.7342683833441477     
  0.93750000000000000       0.23437500000000000        19.468536766687777     
  0.92187500000000000       0.23437500000000000        2.6674728007405557     
  0.92187500000000000       0.23437500000000000        5.3349456014811087     
  0.90625000000000000       0.23437500000000000       0.54643815356654468     
  0.90625000000000000       0.23437500000000000        1.0928763071330443     
  0.89062500000000000       0.23437500000000000       8.47607099171452660E-002
  0.89062500000000000       0.23437500000000000       0.16952141983428035     
  0.10937500000000000       0.26562500000000000        2.9395651663205178     
  0.10937500000000000       0.26562500000000000        5.8791303326407958     
  0.10937500000000000       0.26562500000000000        5.8791303326407958     
  0.10937500000000000       0.26562500000000000        5.8791303326407958     
  0.12500000000000000       0.26562500000000000       0.10803688486137893     
  0.12500000000000000       0.26562500000000000       0.21607376972276685     
  0.12500000000000000       0.26562500000000000       0.21607376972276685     
  0.12500000000000000       0.26562500000000000       0.21607376972276687     
  0.12500000000000000       0.26562500000000000       0.21607376972276690     
  0.12500000000000000       0.26562500000000000       0.21607376972276693     
  0.73437500000000000       0.12500000000000000       1.67597813619974612E-002
  0.73437500000000000       0.12500000000000000       3.35195627239719685E-002
  0.73437500000000000       0.10937500000000000       0.35328356841898517     
  0.73437500000000000       0.10937500000000000       0.70656713683791905     
  0.73437500000000000       0.10937500000000000       0.70656713683792050     
  0.73437500000000000       0.10937500000000000       0.70656713683792194     
  0.73437500000000000       0.10937500000000000       0.70656713683792194     
  0.73437500000000000       0.10937500000000000       0.70656713683792194     
  0.73437500000000000       9.37500000000000000E-002   2.1395898780502236     
  0.73437500000000000       9.37500000000000000E-002   4.2791797561004481     
  0.73437500000000000       9.37500000000000000E-002   4.2791797561004481     
  0.73437500000000000       9.37500000000000000E-002   4.2791797561004481     
  0.73437500000000000       7.81250000000000000E-002  0.70484815314778515     
  0.73437500000000000       7.81250000000000000E-002   1.4096963062956152     
  0.73437500000000000       7.81250000000000000E-002   1.4096963062956152     
  0.73437500000000000       7.81250000000000000E-002   1.4096963062956152     
  0.73437500000000000       6.25000000000000000E-002  7.18489510098492268E-002
  0.73437500000000000       6.25000000000000000E-002  0.14369790201970054     
  0.73437500000000000       6.25000000000000000E-002  0.14369790201970054     
  0.73437500000000000       6.25000000000000000E-002  0.14369790201970051     
  0.73437500000000000       4.68750000000000000E-002  8.25404041278273055E-003
  0.73437500000000000       4.68750000000000000E-002  1.65080808255666477E-002
  0.73437500000000000       4.68750000000000000E-002  1.65080808255664117E-002
  0.73437500000000000       4.68750000000000000E-002  1.65080808255662244E-002
  0.73437500000000000       3.12500000000000000E-002  1.15619354606092740E-003
  0.73437500000000000       3.12500000000000000E-002  2.31238709212185783E-003
  0.73437500000000000       3.12500000000000000E-002  2.31238709212121295E-003
  0.73437500000000000       3.12500000000000000E-002  2.31238709212045661E-003
  0.73437500000000000       1.56250000000000000E-002  1.44056761662608761E-004
  0.73437500000000000       1.56250000000000000E-002  2.88113523325222781E-004
  0.73437500000000000       1.56250000000000000E-002  2.88113523325005561E-004
  0.73437500000000000       1.56250000000000000E-002  2.88113523324853935E-004
  0.21875000000000000        0.0000000000000000        30.510411244916639     
  0.21875000000000000        0.0000000000000000        61.020822489830053     
   1.0000000000000000       0.21875000000000000        88.266109349839155     
   1.0000000000000000       0.21875000000000000        176.53221869967837     
   1.0000000000000000       0.21875000000000000        176.53221869967842     
   1.0000000000000000       0.21875000000000000        176.53221869967848     
  0.98437500000000000       0.21875000000000000        98.654894906399377     
  0.98437500000000000       0.21875000000000000        197.30978981280083     
  0.98437500000000000       0.21875000000000000        197.30978981280097     
  0.98437500000000000       0.21875000000000000        197.30978981280111     
  0.96875000000000000       0.21875000000000000        134.26439690753332     
  0.96875000000000000       0.21875000000000000        268.52879381506642     
  0.96875000000000000       0.21875000000000000        268.52879381506682     
  0.96875000000000000       0.21875000000000000        268.52879381506722     
  0.95312500000000000       0.21875000000000000        200.17020041580514     
  0.95312500000000000       0.21875000000000000        400.34040083161761     
  0.93750000000000000       0.21875000000000000        249.29595392932080     
  0.93750000000000000       0.21875000000000000        498.59190785864092     
  0.92187500000000000       0.21875000000000000        170.04551410466439     
  0.92187500000000000       0.21875000000000000        340.09102820932327     
  0.92187500000000000       0.21875000000000000        340.09102820932327     
  0.92187500000000000       0.21875000000000000        340.09102820932327     
  7.81250000000000000E-002  0.28125000000000000        4.4192721324663200     
  7.81250000000000000E-002  0.28125000000000000        8.8385442649309933     
  0.90625000000000000       0.21875000000000000        53.880967573964831     
  0.90625000000000000       0.21875000000000000        107.76193514792706     
  0.90625000000000000       0.21875000000000000        107.76193514792706     
  0.90625000000000000       0.21875000000000000        107.76193514792706     
  9.37500000000000000E-002  0.28125000000000000       0.28561057490684100     
  9.37500000000000000E-002  0.28125000000000000       0.57122114981372141     
  9.37500000000000000E-002  0.28125000000000000       0.57122114981392702     
  9.37500000000000000E-002  0.28125000000000000       0.57122114981413252     
  9.37500000000000000E-002  0.28125000000000000       0.57122114981413297     
  9.37500000000000000E-002  0.28125000000000000       0.57122114981413341     
  0.89062500000000000       0.21875000000000000        9.9396458793223896     
  0.89062500000000000       0.21875000000000000        19.879291758643436     
  0.89062500000000000       0.21875000000000000        19.879291758643436     
  0.89062500000000000       0.21875000000000000        19.879291758643436     
  0.87500000000000000       0.21875000000000000        1.3069415737233705     
  0.87500000000000000       0.21875000000000000        2.6138831474467401     
  0.85937500000000000       0.21875000000000000       0.13166967218958503     
  0.85937500000000000       0.21875000000000000       0.26333934437916995     
  0.71875000000000000       0.10937500000000000       1.54995853256273755E-002
  0.71875000000000000       0.10937500000000000       3.09991706512541890E-002
  0.71875000000000000       9.37500000000000000E-002  0.22703460695447503     
  0.71875000000000000       9.37500000000000000E-002  0.45406921390893834     
  0.71875000000000000       7.81250000000000000E-002   1.3000278537970313     
  0.71875000000000000       7.81250000000000000E-002   2.6000557075940276     
  0.71875000000000000       7.81250000000000000E-002   2.6000557075940280     
  0.71875000000000000       7.81250000000000000E-002   2.6000557075940289     
  0.71875000000000000       7.81250000000000000E-002   2.6000557075940312     
  0.71875000000000000       7.81250000000000000E-002   2.6000557075940334     
  0.71875000000000000       6.25000000000000000E-002  0.95342548058770571     
  0.71875000000000000       6.25000000000000000E-002   1.9068509611754239     
  0.71875000000000000       6.25000000000000000E-002   1.9068509611754241     
  0.71875000000000000       6.25000000000000000E-002   1.9068509611754247     
  0.21875000000000000       4.68750000000000000E-002   2.7098847658688481     
  0.21875000000000000       4.68750000000000000E-002   5.4197695317382983     
  0.21875000000000000       4.68750000000000000E-002   5.4197695317382983     
  0.21875000000000000       4.68750000000000000E-002   5.4197695317382983     
  0.21875000000000000       4.68750000000000000E-002   5.4197695317383952     
  0.21875000000000000       4.68750000000000000E-002   5.4197695317384902     
  0.71875000000000000       4.68750000000000000E-002  0.17088970124636446     
  0.71875000000000000       4.68750000000000000E-002  0.34177940249271188     
  0.71875000000000000       4.68750000000000000E-002  0.34177940249271110     
  0.71875000000000000       4.68750000000000000E-002  0.34177940249271016     
  0.21875000000000000       3.12500000000000000E-002   206.66186690604073     
  0.21875000000000000       3.12500000000000000E-002   413.32373381208794     
  0.71875000000000000       3.12500000000000000E-002  2.53906345759998611E-002
  0.71875000000000000       3.12500000000000000E-002  5.07812691520010823E-002
  0.71875000000000000       3.12500000000000000E-002  5.07812691520003884E-002
  0.71875000000000000       3.12500000000000000E-002  5.07812691519998610E-002
  0.71875000000000000       3.12500000000000000E-002  5.07812691527874116E-002
  0.71875000000000000       3.12500000000000000E-002  5.07812691535757185E-002
  0.21875000000000000       1.56250000000000000E-002   78.376061760037757     
  0.21875000000000000       1.56250000000000000E-002   156.75212352007006     
  0.71875000000000000       1.56250000000000000E-002  3.16405759842981358E-003
  0.71875000000000000       1.56250000000000000E-002  6.32811519685960895E-003
  0.71875000000000000       1.56250000000000000E-002  6.32811519685868348E-003
  0.71875000000000000       1.56250000000000000E-002  6.32811519685805811E-003
  0.71875000000000000       1.56250000000000000E-002  6.32811519715766047E-003
  0.71875000000000000       1.56250000000000000E-002  6.32811519745736430E-003
   1.0000000000000000       0.20312500000000000        1.5770045536691442     
   1.0000000000000000       0.20312500000000000        3.1540091073384633     
   1.0000000000000000       0.20312500000000000        3.1540091073384633     
   1.0000000000000000       0.20312500000000000        3.1540091073384633     
   1.0000000000000000       0.20312500000000000        3.1540091073384633     
   1.0000000000000000       0.20312500000000000        3.1540091073384633     
  0.98437500000000000       0.20312500000000000        1.8036766668058501     
  0.98437500000000000       0.20312500000000000        3.6073533336118997     
  0.98437500000000000       0.20312500000000000        3.6073533336118997     
  0.98437500000000000       0.20312500000000000        3.6073533336118997     
  0.98437500000000000       0.20312500000000000        3.6073533336119001     
  0.98437500000000000       0.20312500000000000        3.6073533336119006     
  1.56250000000000000E-002  0.29687500000000000       0.37502889221263286     
  1.56250000000000000E-002  0.29687500000000000       0.75005778442523530     
  0.96875000000000000       0.20312500000000000        2.6962422443366476     
  0.96875000000000000       0.20312500000000000        5.3924844886734427     
  0.96875000000000000       0.20312500000000000        5.3924844886734427     
  0.96875000000000000       0.20312500000000000        5.3924844886734427     
  0.96875000000000000       0.20312500000000000        5.3924844886734471     
  0.96875000000000000       0.20312500000000000        5.3924844886734515     
  3.12500000000000000E-002  0.29687500000000000        4.7828634067438482     
  3.12500000000000000E-002  0.29687500000000000        9.5657268134877338     
  0.95312500000000000       0.20312500000000000        5.2502548038995256     
  0.95312500000000000       0.20312500000000000        10.500509607799337     
  0.95312500000000000       0.20312500000000000        10.500509607799337     
  0.95312500000000000       0.20312500000000000        10.500509607799337     
  0.95312500000000000       0.20312500000000000        10.500509607799337     
  0.95312500000000000       0.20312500000000000        10.500509607799337     
  4.68750000000000000E-002  0.29687500000000000       0.26242072070959216     
  4.68750000000000000E-002  0.29687500000000000       0.52484144141915057     
  4.68750000000000000E-002  0.29687500000000000       0.52484144141915190     
  4.68750000000000000E-002  0.29687500000000000       0.52484144141915323     
  0.93750000000000000       0.20312500000000000        13.185115568206545     
  0.93750000000000000       0.20312500000000000        26.370231136414159     
  0.93750000000000000       0.20312500000000000        26.370231136414159     
  0.93750000000000000       0.20312500000000000        26.370231136414159     
  0.93750000000000000       0.20312500000000000        26.370231136414205     
  0.93750000000000000       0.20312500000000000        26.370231136414251     
  0.92187500000000000       0.20312500000000000        41.162061610747692     
  0.92187500000000000       0.20312500000000000        82.324123221497388     
  0.92187500000000000       0.20312500000000000        82.324123221497388     
  0.92187500000000000       0.20312500000000000        82.324123221497388     
  0.90625000000000000       0.20312500000000000        135.50998048971223     
  0.90625000000000000       0.20312500000000000        271.01996097942691     
  0.90625000000000000       0.20312500000000000        271.01996097942691     
  0.90625000000000000       0.20312500000000000        271.01996097942691     
  0.89062500000000000       0.20312500000000000        247.87568149581440     
  0.89062500000000000       0.20312500000000000        495.75136299162750     
  0.87500000000000000       0.20312500000000000        101.00386854214423     
  0.87500000000000000       0.20312500000000000        202.00773708428216     
  0.85937500000000000       0.20312500000000000        13.792241020726106     
  0.85937500000000000       0.20312500000000000        27.584482041451093     
  0.84375000000000000       0.20312500000000000        1.2306228579520184     
  0.84375000000000000       0.20312500000000000        2.4612457159039693     
  0.82812500000000000       0.20312500000000000       8.54413837162845413E-002
  0.82812500000000000       0.20312500000000000       0.17088276743256206     
  0.70312500000000000       9.37500000000000000E-002  9.34395372039668014E-003
  0.70312500000000000       9.37500000000000000E-002  1.86879074407921321E-002
  0.20312500000000000       7.81250000000000000E-002   7.2582938803607240     
  0.20312500000000000       7.81250000000000000E-002   14.516587760721839     
  0.20312500000000000       7.81250000000000000E-002   14.516587760721858     
  0.20312500000000000       7.81250000000000000E-002   14.516587760721878     
  0.20312500000000000       7.81250000000000000E-002   14.516587760721878     
  0.20312500000000000       7.81250000000000000E-002   14.516587760721878     
  0.70312500000000000       7.81250000000000000E-002  9.15062479069571610E-002
  0.70312500000000000       7.81250000000000000E-002  0.18301249581385853     
  0.20312500000000000       6.25000000000000000E-002   24.558119207088815     
  0.20312500000000000       6.25000000000000000E-002   49.116238414172500     
  0.70312500000000000       6.25000000000000000E-002  0.44494110025846872     
  0.70312500000000000       6.25000000000000000E-002  0.88988220051692757     
  0.70312500000000000       6.25000000000000000E-002  0.88988220051702127     
  0.70312500000000000       6.25000000000000000E-002  0.88988220051711497     
  0.70312500000000000       4.68750000000000000E-002  0.69133159400163047     
  0.70312500000000000       4.68750000000000000E-002   1.3826631880032563     
  0.70312500000000000       3.12500000000000000E-002  0.29877130033257876     
  0.70312500000000000       3.12500000000000000E-002  0.59754260066516562     
  0.70312500000000000       3.12500000000000000E-002  0.59754260066516796     
  0.70312500000000000       3.12500000000000000E-002  0.59754260066517029     
  0.70312500000000000       1.56250000000000000E-002  5.26495700403961930E-002
  0.70312500000000000       1.56250000000000000E-002  0.10529914008079301     
  0.70312500000000000       1.56250000000000000E-002  0.10529914008079318     
  0.70312500000000000       1.56250000000000000E-002  0.10529914008079336     
  0.96875000000000000       0.18750000000000000       5.07159834743449514E-002
  0.96875000000000000       0.18750000000000000       0.10143196694868996     
  0.96875000000000000       0.18750000000000000       0.10143196694868996     
  0.96875000000000000       0.18750000000000000       0.10143196694868996     
  0.95312500000000000       0.18750000000000000       9.65842486583313731E-002
  0.95312500000000000       0.18750000000000000       0.19316849731666799     
  0.95312500000000000       0.18750000000000000       0.19316849731666799     
  0.95312500000000000       0.18750000000000000       0.19316849731666799     
  0.93750000000000000       0.18750000000000000       0.23730906159823195     
  0.93750000000000000       0.18750000000000000       0.47461812319647695     
  0.93750000000000000       0.18750000000000000       0.47461812319647695     
  0.93750000000000000       0.18750000000000000       0.47461812319647695     
  0.92187500000000000       0.18750000000000000       0.74978734437463268     
  0.92187500000000000       0.18750000000000000        1.4995746887493691     
  0.92187500000000000       0.18750000000000000        1.4995746887493691     
  0.92187500000000000       0.18750000000000000        1.4995746887493691     
  0.90625000000000000       0.18750000000000000        3.0270958768719667     
  0.90625000000000000       0.18750000000000000        6.0541917537439369     
  0.90625000000000000       0.18750000000000000        6.0541917537442238     
  0.90625000000000000       0.18750000000000000        6.0541917537445107     
  0.89062500000000000       0.18750000000000000        15.284445160727783     
  0.89062500000000000       0.18750000000000000        30.568890321455562     
  0.87500000000000000       0.18750000000000000        85.060171775775487     
  0.87500000000000000       0.18750000000000000        170.12034355155478     
  0.85937500000000000       0.18750000000000000        246.34574324791794     
  0.85937500000000000       0.18750000000000000        492.69148649583713     
  0.84375000000000000       0.18750000000000000        88.038485031794536     
  0.84375000000000000       0.18750000000000000        176.07697006357927     
  0.82812500000000000       0.18750000000000000        8.1616077755938061     
  0.82812500000000000       0.18750000000000000        16.323215551186507     
  0.81250000000000000       0.18750000000000000       0.51318360515175709     
  0.81250000000000000       0.18750000000000000        1.0263672103033858     
  0.81250000000000000       0.18750000000000000        1.0263672103033858     
  0.81250000000000000       0.18750000000000000        1.0263672103033858     
  0.18750000000000000       0.10937500000000000       5.10591327756044072E-002
  0.18750000000000000       0.10937500000000000       0.10211826555121156     
  0.18750000000000000       0.10937500000000000       0.10211826555121903     
  0.18750000000000000       0.10937500000000000       0.10211826555122649     
  0.18750000000000000       9.37500000000000000E-002   149.89721964464007     
  0.18750000000000000       9.37500000000000000E-002   299.79443928927827     
  0.68750000000000000       7.81250000000000000E-002  3.51379205920706976E-003
  0.68750000000000000       7.81250000000000000E-002  7.02758411841405712E-003
  0.68750000000000000       6.25000000000000000E-002  2.15423843698108741E-002
  0.68750000000000000       6.25000000000000000E-002  4.30847687396206658E-002
  0.68750000000000000       4.68750000000000000E-002  6.89914923086805548E-002
  0.68750000000000000       4.68750000000000000E-002  0.13798298461735733     
  0.68750000000000000       3.12500000000000000E-002  9.87188056929854396E-002
  0.68750000000000000       3.12500000000000000E-002  0.19743761138596677     
  0.68750000000000000       1.56250000000000000E-002  4.54364955580640467E-002
  0.68750000000000000       1.56250000000000000E-002  9.08729911161274412E-002
  0.90625000000000000       0.17187500000000000       6.43623109643292751E-002
  0.90625000000000000       0.17187500000000000       0.12872462192866038     
  0.89062500000000000       0.17187500000000000       0.31273557879930813     
  0.89062500000000000       0.17187500000000000       0.62547115759864214     
  0.89062500000000000       0.17187500000000000       0.62547115759865402     
  0.89062500000000000       0.17187500000000000       0.62547115759866589     
  0.87500000000000000       0.17187500000000000        1.9090989894262600     
  0.87500000000000000       0.17187500000000000        3.8181979788526772     
  0.85937500000000000       0.17187500000000000        14.281530081961964     
  0.85937500000000000       0.17187500000000000        28.563060163924334     
  0.84375000000000000       0.17187500000000000        107.81068115725756     
  0.84375000000000000       0.17187500000000000        215.62136231451734     
  0.82812500000000000       0.17187500000000000        230.81256994642902     
  0.82812500000000000       0.17187500000000000        461.62513989285526     
  0.82812500000000000       0.17187500000000000        461.62513989285526     
  0.82812500000000000       0.17187500000000000        461.62513989285526     
  0.82812500000000000       0.18750000000000000        37.037439780311686     
  0.82812500000000000       0.18750000000000000        74.074879560620559     
  0.82812500000000000       0.18750000000000000        74.074879560620559     
  0.82812500000000000       0.18750000000000000        74.074879560620559     
  0.82812500000000000       0.20312500000000000        2.2410287631012338     
  0.82812500000000000       0.20312500000000000        4.4820575262024063     
  0.82812500000000000       0.20312500000000000        4.4820575262024063     
  0.82812500000000000       0.20312500000000000        4.4820575262024063     
  0.82812500000000000       0.21875000000000000       0.10445376972365526     
  0.82812500000000000       0.21875000000000000       0.20890753944730459     
  0.17187500000000000       0.12500000000000000       0.81325922398912309     
  0.17187500000000000       0.12500000000000000        1.6265184479782899     
  0.17187500000000000       0.12500000000000000        1.6265184479782908     
  0.17187500000000000       0.12500000000000000        1.6265184479782917     
  0.17187500000000000       0.10937500000000000        6.2079855728087852     
  0.17187500000000000       0.10937500000000000        12.415971145617405     
  0.67187500000000000       6.25000000000000000E-002  7.77191537829580018E-004
  0.67187500000000000       6.25000000000000000E-002  1.55438307565913683E-003
  0.67187500000000000       4.68750000000000000E-002  2.72032112761947352E-003
  0.67187500000000000       4.68750000000000000E-002  5.44064225523871806E-003
  0.67187500000000000       3.12500000000000000E-002  4.48082777887663045E-003
  0.67187500000000000       3.12500000000000000E-002  8.96165555775301631E-003
  0.67187500000000000       1.56250000000000000E-002  2.45549408988241478E-003
  0.67187500000000000       1.56250000000000000E-002  4.91098817976469079E-003
  0.87500000000000000       0.15625000000000000       4.83788402191724573E-002
  0.87500000000000000       0.15625000000000000       9.67576804383449701E-002
  0.87500000000000000       0.15625000000000000       9.67576804383462469E-002
  0.87500000000000000       0.15625000000000000       9.67576804383475098E-002
  0.85937500000000000       0.15625000000000000       0.34452597268583823     
  0.85937500000000000       0.15625000000000000       0.68905194537168635     
  0.85937500000000000       0.15625000000000000       0.68905194537169179     
  0.85937500000000000       0.15625000000000000       0.68905194537169723     
  0.84375000000000000       0.15625000000000000        3.0203535378430240     
  0.84375000000000000       0.15625000000000000        6.0407070756864707     
  0.84375000000000000       0.15625000000000000        6.0407070756864716     
  0.84375000000000000       0.15625000000000000        6.0407070756864734     
  0.84375000000000000       0.17187500000000000        30.847520734311200     
  0.84375000000000000       0.17187500000000000        61.695041468623984     
  0.84375000000000000       0.17187500000000000        61.695041468623984     
  0.84375000000000000       0.17187500000000000        61.695041468623984     
  0.84375000000000000       0.18750000000000000        209.84064335943810     
  0.84375000000000000       0.18750000000000000        419.68128671887877     
  0.84375000000000000       0.18750000000000000        419.68128671887877     
  0.84375000000000000       0.18750000000000000        419.68128671887877     
  0.84375000000000000       0.20312500000000000        106.62894147182701     
  0.84375000000000000       0.20312500000000000        213.25788294365179     
  0.84375000000000000       0.20312500000000000        213.25788294365179     
  0.84375000000000000       0.20312500000000000        213.25788294365179     
  0.84375000000000000       0.21875000000000000        7.0466721801391365     
  0.84375000000000000       0.21875000000000000        14.093344360277884     
  0.84375000000000000       0.23437500000000000       0.30835504813178810     
  0.84375000000000000       0.23437500000000000       0.61671009626356088     
  0.15625000000000000       0.14062500000000000        2.8517301425028543     
  0.15625000000000000       0.14062500000000000        5.7034602850059493     
  0.15625000000000000       0.12500000000000000       0.66471933369264902     
  0.15625000000000000       0.12500000000000000        1.3294386673852618     
  0.65625000000000000       3.12500000000000000E-002  1.60048147047346206E-004
  0.65625000000000000       3.12500000000000000E-002  3.20096294094692521E-004
  0.65625000000000000       1.56250000000000000E-002  1.80999858764029499E-004
  0.85937500000000000       0.15625000000000000       9.17069011904318998E-002
  0.85937500000000000       0.15625000000000000       0.18341380238087157     
  0.85937500000000000       0.15625000000000000       0.18341380238087157     
  0.85937500000000000       0.15625000000000000       0.18341380238087157     
  0.85937500000000000       0.15625000000000000       0.18341380238087626     
  0.85937500000000000       0.15625000000000000       0.18341380238088095     
  0.85937500000000000       0.17187500000000000       0.91477638957938912     
  0.85937500000000000       0.17187500000000000        1.8295527791588533     
  0.85937500000000000       0.17187500000000000        1.8295527791588533     
  0.85937500000000000       0.17187500000000000        1.8295527791588533     
  0.85937500000000000       0.18750000000000000        10.874734625497673     
  0.85937500000000000       0.18750000000000000        21.749469250996242     
  0.85937500000000000       0.18750000000000000        21.749469250996242     
  0.85937500000000000       0.18750000000000000        21.749469250996242     
  0.85937500000000000       0.20312500000000000        119.99344188614802     
  0.85937500000000000       0.20312500000000000        239.98688377231025     
  0.85937500000000000       0.20312500000000000        239.98688377231025     
  0.85937500000000000       0.20312500000000000        239.98688377231025     
  0.85937500000000000       0.21875000000000000        188.26069347519623     
  0.85937500000000000       0.21875000000000000        376.52138695038997     
  0.85937500000000000       0.21875000000000000        376.52138695038997     
  0.85937500000000000       0.21875000000000000        376.52138695038997     
  0.85937500000000000       0.23437500000000000        15.762986655597603     
  0.85937500000000000       0.23437500000000000        31.525973311194377     
  0.85937500000000000       0.25000000000000000       0.65918830160409081     
  0.85937500000000000       0.25000000000000000        1.3183766032078452     
  0.14062500000000000       0.15625000000000000        2.4594159383173886     
  0.14062500000000000       0.15625000000000000        4.9188318766349175     
  0.14062500000000000       0.14062500000000000       0.28911299570561405     
  0.14062500000000000       0.14062500000000000       0.57822599141121223     
  0.87500000000000000       0.18750000000000000       0.40532085056852812     
  0.87500000000000000       0.18750000000000000       0.81064170113709078     
  0.87500000000000000       0.18750000000000000       0.81064170113709078     
  0.87500000000000000       0.18750000000000000       0.81064170113709078     
  0.87500000000000000       0.20312500000000000        5.3957672110978718     
  0.87500000000000000       0.20312500000000000        10.791534422196486     
  0.87500000000000000       0.20312500000000000        10.791534422196486     
  0.87500000000000000       0.20312500000000000        10.791534422196486     
  0.87500000000000000       0.21875000000000000        73.833236081211126     
  0.87500000000000000       0.21875000000000000        147.66647216242566     
  0.87500000000000000       0.21875000000000000        147.66647216242566     
  0.87500000000000000       0.21875000000000000        147.66647216242566     
  0.87500000000000000       0.23437500000000000        230.93749262344679     
  0.87500000000000000       0.23437500000000000        461.87498524688704     
  0.87500000000000000       0.23437500000000000        461.87498524688704     
  0.87500000000000000       0.23437500000000000        461.87498524688704     
  0.87500000000000000       0.25000000000000000        24.906728602420930     
  0.87500000000000000       0.25000000000000000        49.813457204841754     
  0.87500000000000000       0.26562500000000000        1.0044828960477259     
  0.87500000000000000       0.26562500000000000        2.0089657920936568     
  0.12500000000000000       0.17187500000000000       0.51799938006419621     
  0.12500000000000000       0.17187500000000000        1.0359987601283922     
  0.12500000000000000       0.17187500000000000        1.0359987601283922     
  0.12500000000000000       0.17187500000000000        1.0359987601283922     
  0.12500000000000000       0.15625000000000000       0.48588316785656316     
  0.12500000000000000       0.15625000000000000       0.97176633571309889     
  0.89062500000000000       0.20312500000000000       0.26598042673120054     
  0.89062500000000000       0.20312500000000000       0.53196085346241595     
  0.89062500000000000       0.20312500000000000       0.53196085346241595     
  0.89062500000000000       0.20312500000000000       0.53196085346241595     
  0.89062500000000000       0.21875000000000000        3.9042510774494885     
  0.89062500000000000       0.21875000000000000        7.8085021548990836     
  0.89062500000000000       0.21875000000000000        7.8085021548990836     
  0.89062500000000000       0.21875000000000000        7.8085021548990836     
  0.89062500000000000       0.21875000000000000        7.8085021548990881     
  0.89062500000000000       0.21875000000000000        7.8085021548990925     
  0.89062500000000000       0.23437500000000000        60.006350378142585     
  0.89062500000000000       0.23437500000000000        120.01270075628668     
  0.89062500000000000       0.23437500000000000        120.01270075628678     
  0.89062500000000000       0.23437500000000000        120.01270075628688     
  0.89062500000000000       0.23437500000000000        120.01270075628688     
  0.89062500000000000       0.23437500000000000        120.01270075628688     
  0.89062500000000000       0.23437500000000000        120.01270075628688     
  0.89062500000000000       0.23437500000000000        120.01270075628688     
  0.89062500000000000       0.25000000000000000        239.92322488998005     
  0.89062500000000000       0.25000000000000000        479.84644977995305     
  0.89062500000000000       0.26562500000000000        27.707457387498383     
  0.89062500000000000       0.26562500000000000        55.414914774995580     
  0.89062500000000000       0.26562500000000000        55.414914774995587     
  0.89062500000000000       0.26562500000000000        55.414914774995594     
  0.89062500000000000       0.26562500000000000        55.414914774995594     
  0.89062500000000000       0.26562500000000000        55.414914774995594     
  0.89062500000000000       0.28125000000000000        1.0697595318182318     
  0.89062500000000000       0.28125000000000000        2.1395190636363774     
  0.10937500000000000       0.18750000000000000       2.34982524881453443E-002
  0.10937500000000000       0.18750000000000000       4.69965049762932838E-002
  0.10937500000000000       0.18750000000000000       4.69965049762933254E-002
  0.10937500000000000       0.18750000000000000       4.69965049762933670E-002
  0.10937500000000000       0.17187500000000000        3.2617573819614769     
  0.10937500000000000       0.17187500000000000        6.5235147639226030     
  0.90625000000000000       0.21875000000000000       0.26230268671348916     
  0.90625000000000000       0.21875000000000000       0.52460537342701496     
  0.90625000000000000       0.21875000000000000       0.52460537342701496     
  0.90625000000000000       0.21875000000000000       0.52460537342701496     
  0.90625000000000000       0.21875000000000000       0.52460537342701496     
  0.90625000000000000       0.21875000000000000       0.52460537342701496     
  0.90625000000000000       0.21875000000000000       0.52460537342709657     
  0.90625000000000000       0.21875000000000000       0.52460537342717817     
  0.90625000000000000       0.23437500000000000        4.2068627904414475     
  0.90625000000000000       0.23437500000000000        8.4137255808828932     
  0.90625000000000000       0.23437500000000000        8.4137255808837672     
  0.90625000000000000       0.23437500000000000        8.4137255808846394     
  0.90625000000000000       0.23437500000000000        8.4137255808846394     
  0.90625000000000000       0.23437500000000000        8.4137255808846394     
  0.90625000000000000       0.25000000000000000        68.514715066833091     
  0.90625000000000000       0.25000000000000000        137.02943013367081     
  0.90625000000000000       0.26562500000000000        228.76944381411860     
  0.90625000000000000       0.26562500000000000        457.53888762823550     
  0.90625000000000000       0.26562500000000000        457.53888762823550     
  0.90625000000000000       0.26562500000000000        457.53888762823550     
  0.90625000000000000       0.28125000000000000        21.352000763168377     
  0.90625000000000000       0.28125000000000000        42.704001526335063     
  0.90625000000000000       0.29687500000000000       0.77702411376564207     
  0.90625000000000000       0.29687500000000000        1.5540482275312193     
  9.37500000000000000E-002  0.18750000000000000        54.638534005402889     
  9.37500000000000000E-002  0.18750000000000000        109.27706801080376     
  0.92187500000000000       0.23437500000000000       0.39596894802146299     
  0.92187500000000000       0.23437500000000000       0.79193789604293685     
  0.92187500000000000       0.23437500000000000       0.79193789604335219     
  0.92187500000000000       0.23437500000000000       0.79193789604376630     
  0.92187500000000000       0.23437500000000000       0.79193789604376630     
  0.92187500000000000       0.23437500000000000       0.79193789604376630     
  0.92187500000000000       0.25000000000000000        6.8824946254115096     
  0.92187500000000000       0.25000000000000000        13.764989250824662     
  0.92187500000000000       0.26562500000000000        108.67114352757355     
  0.92187500000000000       0.26562500000000000        217.34228705514948     
  0.92187500000000000       0.26562500000000000        217.34228705514948     
  0.92187500000000000       0.26562500000000000        217.34228705514948     
  0.92187500000000000       0.28125000000000000        176.22524816083254     
  0.92187500000000000       0.28125000000000000        352.45049632166541     
  0.92187500000000000       0.28125000000000000        352.45049632166541     
  0.92187500000000000       0.28125000000000000        352.45049632166541     
  0.92187500000000000       0.28125000000000000        352.45049632166541     
  0.92187500000000000       0.28125000000000000        352.45049632166541     
  7.81250000000000000E-002  0.20312500000000000        1.7310388129486531     
  7.81250000000000000E-002  0.20312500000000000        3.4620776258973502     
  7.81250000000000000E-002  0.20312500000000000        3.4620776258973502     
  7.81250000000000000E-002  0.20312500000000000        3.4620776258973502     
  7.81250000000000000E-002  0.20312500000000000        3.4620776258973609     
  7.81250000000000000E-002  0.20312500000000000        3.4620776258973716     
  0.92187500000000000       0.29687500000000000        10.962911764607336     
  0.92187500000000000       0.29687500000000000        21.925823529214377     
  0.92187500000000000       0.31250000000000000       0.37375433799508051     
  0.92187500000000000       0.31250000000000000       0.74750867599010851     
  0.93750000000000000       0.23437500000000000       5.63372863068814442E-002
  0.93750000000000000       0.23437500000000000       0.11267457261376300     
  0.93750000000000000       0.23437500000000000       0.11267457261382899     
  0.93750000000000000       0.23437500000000000       0.11267457261389474     
  0.93750000000000000       0.23437500000000000       0.11267457261389474     
  0.93750000000000000       0.23437500000000000       0.11267457261389474     
  0.93750000000000000       0.25000000000000000       0.93553265439807276     
  0.93750000000000000       0.25000000000000000        1.8710653087962166     
  0.93750000000000000       0.25000000000000000        1.8710653087962166     
  0.93750000000000000       0.25000000000000000        1.8710653087962166     
  0.93750000000000000       0.25000000000000000        1.8710653087962166     
  0.93750000000000000       0.25000000000000000        1.8710653087962166     
  0.93750000000000000       0.26562500000000000        17.327582122640038     
  0.93750000000000000       0.26562500000000000        34.655164245280545     
  0.93750000000000000       0.26562500000000000        34.655164245280545     
  0.93750000000000000       0.26562500000000000        34.655164245280545     
  0.93750000000000000       0.28125000000000000        202.09291789111933     
  0.93750000000000000       0.28125000000000000        404.18583578224087     
  0.93750000000000000       0.28125000000000000        404.18583578224087     
  0.93750000000000000       0.28125000000000000        404.18583578224087     
  6.25000000000000000E-002  0.20312500000000000        4.0192733702728516     
  6.25000000000000000E-002  0.20312500000000000        8.0385467405453550     
  0.93750000000000000       0.29687500000000000        83.322751940968928     
  0.93750000000000000       0.29687500000000000        166.64550388192842     
  0.93750000000000000       0.29687500000000000        166.64550388192845     
  0.93750000000000000       0.29687500000000000        166.64550388192848     
  0.93750000000000000       0.31250000000000000        3.5802474815953080     
  0.93750000000000000       0.31250000000000000        7.1604949631904242     
  0.93750000000000000       0.32812500000000000       0.11508474377967572     
  0.93750000000000000       0.32812500000000000       0.23016948755934183     
  0.95312500000000000       0.25000000000000000       0.19510905406139853     
  0.95312500000000000       0.25000000000000000       0.39021810812280550     
  0.95312500000000000       0.25000000000000000       0.39021810812280550     
  0.95312500000000000       0.25000000000000000       0.39021810812280550     
  0.95312500000000000       0.25000000000000000       0.39021810812280550     
  0.95312500000000000       0.25000000000000000       0.39021810812280550     
  0.95312500000000000       0.26562500000000000        3.5418674048327565     
  0.95312500000000000       0.26562500000000000        7.0837348096658976     
  0.95312500000000000       0.26562500000000000        7.0837348096658976     
  0.95312500000000000       0.26562500000000000        7.0837348096658976     
  4.68750000000000000E-002  0.21875000000000000       0.22991473808462620     
  4.68750000000000000E-002  0.21875000000000000       0.45982947616925895     
  4.68750000000000000E-002  0.21875000000000000       0.45982947616932041     
  4.68750000000000000E-002  0.21875000000000000       0.45982947616938208     
  4.68750000000000000E-002  0.21875000000000000       0.45982947616938225     
  4.68750000000000000E-002  0.21875000000000000       0.45982947616938241     
  0.95312500000000000       0.28125000000000000        64.433419126196725     
  0.95312500000000000       0.28125000000000000        128.86683825240283     
  0.95312500000000000       0.28125000000000000        128.86683825240283     
  0.95312500000000000       0.28125000000000000        128.86683825240283     
  0.95312500000000000       0.29687500000000000        230.22415374911776     
  0.95312500000000000       0.29687500000000000        460.44830749822654     
  0.95312500000000000       0.31250000000000000        20.383539231882079     
  0.95312500000000000       0.31250000000000000        40.767078463763603     
  0.95312500000000000       0.32812500000000000       0.71585341384239043     
  0.95312500000000000       0.32812500000000000        1.4317068276847815     
  0.96875000000000000       0.25000000000000000       6.33743768268374280E-002
  0.96875000000000000       0.25000000000000000       0.12674875365368146     
  0.96875000000000000       0.25000000000000000       0.12674875365368146     
  0.96875000000000000       0.25000000000000000       0.12674875365368146     
  0.96875000000000000       0.25000000000000000       0.12674875365368146     
  0.96875000000000000       0.25000000000000000       0.12674875365368146     
  0.96875000000000000       0.26562500000000000        1.1169730476280251     
  0.96875000000000000       0.26562500000000000        2.2339460952561137     
  0.96875000000000000       0.26562500000000000        2.2339460952561137     
  0.96875000000000000       0.26562500000000000        2.2339460952561137     
  3.12500000000000000E-002  0.21875000000000000        8.1592049860515399     
  3.12500000000000000E-002  0.21875000000000000        16.318409972103257     
  0.96875000000000000       0.28125000000000000        21.549204909356092     
  0.96875000000000000       0.28125000000000000        43.098409818713371     
  0.96875000000000000       0.28125000000000000        43.098409818713371     
  0.96875000000000000       0.28125000000000000        43.098409818713371     
  0.96875000000000000       0.28125000000000000        43.098409818713399     
  0.96875000000000000       0.28125000000000000        43.098409818713428     
  0.96875000000000000       0.29687500000000000        223.91038047143232     
  0.96875000000000000       0.29687500000000000        447.82076094287049     
  0.96875000000000000       0.29687500000000000        447.82076094287061     
  0.96875000000000000       0.29687500000000000        447.82076094287072     
  0.96875000000000000       0.31250000000000000        65.622868027141493     
  0.96875000000000000       0.31250000000000000        131.24573605428304     
  0.96875000000000000       0.32812500000000000        2.6523150953749624     
  0.96875000000000000       0.32812500000000000        5.3046301907498545     
  0.96875000000000000       0.34375000000000000       8.46450153643925896E-002
  0.96875000000000000       0.34375000000000000       0.16929003072877347     
  0.98437500000000000       0.26562500000000000       0.55688315552451850     
  0.98437500000000000       0.26562500000000000        1.1137663110490676     
  0.98437500000000000       0.26562500000000000        1.1137663110490676     
  0.98437500000000000       0.26562500000000000        1.1137663110490676     
  1.56250000000000000E-002  0.21875000000000000       0.79737173078861368     
  1.56250000000000000E-002  0.21875000000000000        1.5947434615772140     
  0.98437500000000000       0.28125000000000000        10.744094357215818     
  0.98437500000000000       0.28125000000000000        21.488188714433385     
  0.98437500000000000       0.28125000000000000        21.488188714433385     
  0.98437500000000000       0.28125000000000000        21.488188714433385     
  0.98437500000000000       0.28125000000000000        21.488188714433388     
  0.98437500000000000       0.28125000000000000        21.488188714433392     
  0.98437500000000000       0.29687500000000000        157.84935779240649     
  0.98437500000000000       0.29687500000000000        315.69871558481560     
  0.98437500000000000       0.29687500000000000        315.69871558481566     
  0.98437500000000000       0.29687500000000000        315.69871558481572     
  0.98437500000000000       0.31250000000000000        120.81275182486411     
  0.98437500000000000       0.31250000000000000        241.62550364972572     
  0.98437500000000000       0.32812500000000000        5.8129030705949702     
  0.98437500000000000       0.32812500000000000        11.625806141189308     
  0.98437500000000000       0.34375000000000000       0.19138823389133930     
  0.98437500000000000       0.34375000000000000       0.38277646778264118     
