 Theta                                   
 64                                      
 0.114291                                
 2.89423                                 
 0.215559                                
 2.82137                                 
 0.105452                                
 3.13198                                 
 0.225682                                
 2.84182                                 
 0.139729                                
 2.92903                                 
 0.077767                                
 2.78609                                 
 0.333891                                
 2.75765                                 
 0.258111                                
 2.98835                                 
 0.0647161                               
 2.75966                                 
 0.224352                                
 3.05373                                 
 0.163564                                
 2.90538                                 
 0.473759                                
 2.97745                                 
 0.212148                                
 2.72138                                 
 0.464021                                
 2.42377                                 
 0.460468                                
 2.97296                                 
 0.250698                                
 2.8454                                  
 0.218134                                
 2.63489                                 
 0.183146                                
 2.72649                                 
 0.666111                                
 3.01491                                 
 0.190239                                
 2.6794                                  
 0.0628165                               
 2.90291                                 
 0.0688612                               
 2.67508                                 
 0.0893191                               
 2.89632                                 
 0.109726                                
 3.06941                                 
 0.158306                                
 3.08502                                 
 0.256955                                
 3.06563                                 
 0.270123                                
 3.01055                                 
 0.221426                                
 2.66957                                 
 0.0713827                               
 2.71845                                 
 0.178747                                
 2.8638                                  
 0.226489                                
 2.82848                                 
 0.121973                                
 3.00594                                 
 Phi                                     
 64                                      
 0.286273                                
 0.0378328                               
 0.549629                                
 2.43816                                 
 1.51517                                 
 1.91992                                 
 3.74607                                 
 0.950114                                
 0.719446                                
 0.410846                                
 0.276611                                
 4.73341                                 
 1.13657                                 
 0.559313                                
 5.37687                                 
 4.8178                                  
 0.491008                                
 4.99874                                 
 0.242085                                
 1.28934                                 
 4.04517                                 
 1.16556                                 
 3.14947                                 
 1.24991                                 
 4.89501                                 
 2.99528                                 
 3.18305                                 
 1.85923                                 
 3.91379                                 
 0.983836                                
 4.7453                                  
 0.0750801                               
 3.51372                                 
 6.12376                                 
 1.776                                   
 1.44383                                 
 5.59537                                 
 3.85519                                 
 3.27452                                 
 1.39014                                 
 0.527352                                
 5.31099                                 
 0.321532                                
 3.07856                                 
 1.84922                                 
 0.78141                                 
 0.0361845                               
 1.39303                                 
 2.58836                                 
 6.06922                                 
 5.51898                                 
 6.24011                                 
 0.561495                                
 6.03506                                 
 3.56045                                 
 0.648475                                
 3.98063                                 
 0.177856                                
 5.31202                                 
 2.88643                                 
 4.89462                                 
 1.61753                                 
 4.30828                                 
 4.08379                                 
 IsFrozen0                               
 #AlgorithmRelated:                      
 Eigenvalues                             
