#Hartree-Fock Approx. for Multiorbital Hubbard Model
#StartTime= Tue Jun 26 12:56:59 2012
parameters.filename=output4TBC
parameters.density=2
parameters.mu=0
parameters.lx/y=4/4
parameters.boundaryConditions=periodic
parameters.beta=100000
parameters.iterMAX=5000
parameters.eps
3
1e-05
1e-05
0.01

parameters.intialMFparams=random
parameters.seed=2011
parameters.alpha=0.5
EngineParam.omegaStep=0
parameters.U=0
parameters.Up=0
parameters.J=0
parameters.hoppings
16
1
0
0
-1.3
-1.3
0
0
1
0.85
0.85
0.85
0.85
0.85
-0.85
-0.85
0.85
Converged
#EigenValues
64
-8
-8
-8
-8
-3.4
-3.4
-3.4
-3.4
-3.4
-3.4
-3.4
-3.4
-2.6
-2.6
-2.6
-2.6
-2.6
-2.6
-2.6
-2.6
-2
-2
-2
-2
-2
-2
-2
-2
1.2
1.2
1.2
1.2
2
2
2
2
2
2
2
2
2.6
2.6
2.6
2.6
2.6
2.6
2.6
2.6
2.8
2.8
2.8
2.8
3.4
3.4
3.4
3.4
3.4
3.4
3.4
3.4
4
4
4
4

#MFParameters:New
nxu
16
0.5
0.5
0.5
0.5
0.5
0.5
0.5
0.5
0.5
0.5
0.5
0.5
0.5
0.5
0.5
0.5

nxd
16
0.5
0.5
0.5
0.5
0.5
0.5
0.5
0.5
0.5
0.5
0.5
0.5
0.5
0.5
0.5
0.5

nyu
16
0.5
0.5
0.5
0.5
0.5
0.5
0.5
0.5
0.5
0.5
0.5
0.5
0.5
0.5
0.5
0.5

nyd
16
0.5
0.5
0.5
0.5
0.5
0.5
0.5
0.5
0.5
0.5
0.5
0.5
0.5
0.5
0.5
0.5

tpu
16
(-1.69136e-17,-0)
(2.90566e-17,-0)
(5.63785e-18,-0)
(1.73472e-18,-0)
(-1.36609e-16,-0)
(2.34188e-17,-0)
(-6.50521e-18,-0)
(-1.34441e-17,-0)
(-1.02782e-16,-0)
(-2.73219e-17,-0)
(-1.04083e-17,-0)
(-5.63785e-18,-0)
(9.06393e-17,-0)
(1.77809e-17,-0)
(-1.09721e-16,-0)
(-1.38778e-17,-0)

tpd
16
(8.16917e-17,-0)
(-3.62903e-17,-0)
(-1.41497e-16,-0)
(-6.72645e-17,-0)
(-2.07571e-17,-0)
(1.36649e-17,-0)
(-1.55153e-17,-0)
(-3.97083e-17,-0)
(-5.28265e-17,-0)
(-8.27221e-18,-0)
(3.52489e-17,-0)
(5.59853e-17,-0)
(-2.06313e-17,-0)
(1.40784e-17,-0)
(1.53655e-17,-0)
(2.8985e-17,-0)

spx
16
(0,-0)
(0,-0)
(0,-0)
(0,-0)
(0,-0)
(0,-0)
(0,-0)
(0,-0)
(0,-0)
(0,-0)
(0,-0)
(0,-0)
(0,-0)
(0,-0)
(0,-0)
(0,-0)

spy
16
(0,-0)
(0,-0)
(0,-0)
(0,-0)
(0,-0)
(0,-0)
(0,-0)
(0,-0)
(0,-0)
(0,-0)
(0,-0)
(0,-0)
(0,-0)
(0,-0)
(0,-0)
(0,-0)

opx
16
(0,-0)
(0,-0)
(0,-0)
(0,-0)
(0,-0)
(0,-0)
(0,-0)
(0,-0)
(0,-0)
(0,-0)
(0,-0)
(0,-0)
(0,-0)
(0,-0)
(0,-0)
(0,-0)

opy
16
(0,-0)
(0,-0)
(0,-0)
(0,-0)
(0,-0)
(0,-0)
(0,-0)
(0,-0)
(0,-0)
(0,-0)
(0,-0)
(0,-0)
(0,-0)
(0,-0)
(0,-0)
(0,-0)

#Mu: 1.6
#NumOfElectrons: 32
#LocalChargeDensity
16
2
2
2
2
2
2
2
2
2
2
2
2
2
2
2
2
#nx
16
1
1
1
1
1
1
1
1
1
1
1
1
1
1
1
1
#ny
16
1
1
1
1
1
1
1
1
1
1
1
1
1
1
1
1
#MagneticMoment
16
#mx
16
4.44089e-16
1.11022e-16
2.22045e-16
1.11022e-16
4.44089e-16
1.11022e-16
0
2.22045e-16
2.22045e-16
0
3.33067e-16
2.22045e-16
5.55112e-16
0
1.11022e-16
2.22045e-16
#my
16
3.33067e-16
2.22045e-16
1.11022e-16
1.11022e-16
1.11022e-16
3.33067e-16
0
3.33067e-16
2.22045e-16
8.88178e-16
1.11022e-16
5.55112e-16
7.77156e-16
0
5.55112e-16
2.22045e-16
#thetaX
16
0
3.14159
0
0
0
0
-nan
0
0
-nan
3.14159
3.14159
0
-nan
0
3.14159
#thetaY
16
0
0
0
3.14159
0
0
-nan
0
0
0
0
0
0
-nan
0
0
#phiX
16
-nan
1.5708
-nan
-nan
-nan
-nan
-nan
-nan
-nan
-nan
1.5708
1.5708
-nan
-nan
-nan
1.5708
#phiY
16
-nan
-nan
-nan
1.5708
-nan
-nan
-nan
-nan
-nan
-nan
-nan
-nan
-nan
-nan
-nan
-nan
#StopTime= Tue Jun 26 12:57:00 2012
#EOF
