#Hartree-Fock Approx. for Multiorbital Hubbard Model
#StartTime= Tue Jun 26 20:53:51 2012
parameters.filename=output8TBC0
parameters.density=0
parameters.mu=1.52218
parameters.lx/y=8/8
parameters.boundaryConditions=periodic
parameters.beta=100000
parameters.iterMAX=5000
parameters.eps
3
1e-05
1e-05
0.01

parameters.intialMFparams=output8TBC
parameters.seed=2011
parameters.alpha=0.5
EngineParam.omegaStep=1.1
parameters.U=0
parameters.Up=0
parameters.J=0
parameters.hoppings
16
1
0
0
-1.3
-1.3
0
0
1
0.85
0.85
0.85
0.85
0.85
-0.85
-0.85
0.85
Converged
#EigenValues
256
-8
-8
-8
-8
-6.41838
-6.41838
-6.41838
-6.41838
-6.41838
-6.41838
-6.41838
-6.41838
-6.24264
-6.24264
-6.24264
-6.24264
-6.24264
-6.24264
-6.24264
-6.24264
-5.37015
-5.37015
-5.37015
-5.37015
-5.37015
-5.37015
-5.37015
-5.37015
-5.37015
-5.37015
-5.37015
-5.37015
-5.37015
-5.37015
-5.37015
-5.37015
-3.4
-3.4
-3.4
-3.4
-3.4
-3.4
-3.4
-3.4
-3.11472
-3.11472
-3.11472
-3.11472
-3.11472
-3.11472
-3.11472
-3.11472
-3.11472
-3.11472
-3.11472
-3.11472
-3.11472
-3.11472
-3.11472
-3.11472
-2.69045
-2.69045
-2.69045
-2.69045
-2.69045
-2.69045
-2.69045
-2.69045
-2.69045
-2.69045
-2.69045
-2.69045
-2.69045
-2.69045
-2.69045
-2.69045
-2.6
-2.6
-2.6
-2.6
-2.6
-2.6
-2.6
-2.6
-2
-2
-2
-2
-2
-2
-2
-2
-0.424264
-0.424264
-0.424264
-0.424264
-0.424264
-0.424264
-0.424264
-0.424264
0.424264
0.424264
0.424264
0.424264
0.424264
0.424264
0.424264
0.424264
1.2
1.2
1.2
1.2
1.21838
1.21838
1.21838
1.21838
1.21838
1.21838
1.21838
1.21838
1.43431
1.43431
1.43431
1.43431
1.43431
1.43431
1.43431
1.43431
1.61005
1.61005
1.61005
1.61005
1.61005
1.61005
1.61005
1.61005
1.97015
1.97015
1.97015
1.97015
1.97015
1.97015
1.97015
1.97015
1.97015
1.97015
1.97015
1.97015
1.97015
1.97015
1.97015
1.97015
2
2
2
2
2
2
2
2
2.24264
2.24264
2.24264
2.24264
2.24264
2.24264
2.24264
2.24264
2.56569
2.56569
2.56569
2.56569
2.56569
2.56569
2.56569
2.56569
2.6
2.6
2.6
2.6
2.6
2.6
2.6
2.6
2.69045
2.69045
2.69045
2.69045
2.69045
2.69045
2.69045
2.69045
2.69045
2.69045
2.69045
2.69045
2.69045
2.69045
2.69045
2.69045
2.8
2.8
2.8
2.8
2.97574
2.97574
2.97574
2.97574
2.97574
2.97574
2.97574
2.97574
3.11472
3.11472
3.11472
3.11472
3.11472
3.11472
3.11472
3.11472
3.11472
3.11472
3.11472
3.11472
3.11472
3.11472
3.11472
3.11472
3.4
3.4
3.4
3.4
3.4
3.4
3.4
3.4
3.58995
3.58995
3.58995
3.58995
3.58995
3.58995
3.58995
3.58995
3.82426
3.82426
3.82426
3.82426
3.82426
3.82426
3.82426
3.82426
4
4
4
4

#MFParameters:New
nxu
64
0.5
0.5
0.5
0.5
0.5
0.5
0.5
0.5
0.5
0.5
0.5
0.5
0.5
0.5
0.5
0.5
0.5
0.5
0.5
0.5
0.5
0.5
0.5
0.5
0.5
0.5
0.5
0.5
0.5
0.5
0.5
0.5
0.5
0.5
0.5
0.5
0.5
0.5
0.5
0.5
0.5
0.5
0.5
0.5
0.5
0.5
0.5
0.5
0.5
0.5
0.5
0.5
0.5
0.5
0.5
0.5
0.5
0.5
0.5
0.5
0.5
0.5
0.5
0.5

nxd
64
0.5
0.5
0.5
0.5
0.5
0.5
0.5
0.5
0.5
0.5
0.5
0.5
0.5
0.5
0.5
0.5
0.5
0.5
0.5
0.5
0.5
0.5
0.5
0.5
0.5
0.5
0.5
0.5
0.5
0.5
0.5
0.5
0.5
0.5
0.5
0.5
0.5
0.5
0.5
0.5
0.5
0.5
0.5
0.5
0.5
0.5
0.5
0.5
0.5
0.5
0.5
0.5
0.5
0.5
0.5
0.5
0.5
0.5
0.5
0.5
0.5
0.5
0.5
0.5

nyu
64
0.5
0.5
0.5
0.5
0.5
0.5
0.5
0.5
0.5
0.5
0.5
0.5
0.5
0.5
0.5
0.5
0.5
0.5
0.5
0.5
0.5
0.5
0.5
0.5
0.5
0.5
0.5
0.5
0.5
0.5
0.5
0.5
0.5
0.5
0.5
0.5
0.5
0.5
0.5
0.5
0.5
0.5
0.5
0.5
0.5
0.5
0.5
0.5
0.5
0.5
0.5
0.5
0.5
0.5
0.5
0.5
0.5
0.5
0.5
0.5
0.5
0.5
0.5
0.5

nyd
64
0.5
0.5
0.5
0.5
0.5
0.5
0.5
0.5
0.5
0.5
0.5
0.5
0.5
0.5
0.5
0.5
0.5
0.5
0.5
0.5
0.5
0.5
0.5
0.5
0.5
0.5
0.5
0.5
0.5
0.5
0.5
0.5
0.5
0.5
0.5
0.5
0.5
0.5
0.5
0.5
0.5
0.5
0.5
0.5
0.5
0.5
0.5
0.5
0.5
0.5
0.5
0.5
0.5
0.5
0.5
0.5
0.5
0.5
0.5
0.5
0.5
0.5
0.5
0.5

tpu
64
(-2.47469e-17,-0)
(1.146e-16,-0)
(-1.82946e-16,-0)
(1.60713e-16,-0)
(-2.27418e-16,-0)
(2.14557e-16,-0)
(-2.10064e-17,-0)
(1.07878e-17,-0)
(-1.50067e-16,-0)
(7.5718e-17,-0)
(3.26819e-17,-0)
(-2.04677e-16,-0)
(-2.82231e-17,-0)
(4.34833e-17,-0)
(1.75187e-16,-0)
(6.78304e-18,-0)
(1.59723e-16,-0)
(1.11124e-16,-0)
(3.32105e-17,-0)
(4.29615e-18,-0)
(-1.46638e-17,-0)
(-9.25163e-17,-0)
(2.33456e-16,-0)
(1.66425e-17,-0)
(4.79624e-17,-0)
(-4.3612e-17,-0)
(1.19913e-16,-0)
(-2.38321e-17,-0)
(1.30599e-16,-0)
(1.04761e-17,-0)
(3.13063e-17,-0)
(-4.3463e-17,-0)
(-3.09879e-17,-0)
(5.02731e-17,-0)
(-3.74118e-17,-0)
(4.42761e-17,-0)
(-1.65659e-16,-0)
(5.67309e-17,-0)
(4.51299e-18,-0)
(1.3068e-16,-0)
(5.05103e-17,-0)
(2.21584e-17,-0)
(4.30496e-17,-0)
(1.75302e-17,-0)
(-4.99614e-17,-0)
(7.94381e-17,-0)
(2.5472e-17,-0)
(-2.64478e-17,-0)
(-7.45253e-17,-0)
(2.3412e-16,-0)
(-1.24419e-16,-0)
(-7.81303e-17,-0)
(1.11808e-16,-0)
(-4.58008e-17,-0)
(-3.69916e-17,-0)
(5.92178e-17,-0)
(1.59296e-16,-0)
(2.53683e-16,-0)
(1.27861e-16,-0)
(-1.1519e-16,-0)
(6.0634e-17,-0)
(-1.29311e-16,-0)
(7.70122e-17,-0)
(-1.72185e-17,-0)

tpd
64
(-5.08491e-17,-0)
(-7.60297e-17,-0)
(4.83554e-17,-0)
(8.26975e-17,-0)
(-2.35272e-16,-0)
(2.6628e-16,-0)
(2.5533e-17,-0)
(3.61039e-17,-0)
(-2.12964e-16,-0)
(5.78422e-17,-0)
(4.76507e-17,-0)
(-9.2374e-17,-0)
(1.13787e-16,-0)
(-1.12052e-16,-0)
(8.47846e-17,-0)
(-2.25243e-17,-0)
(8.11796e-17,-0)
(7.9987e-17,-0)
(5.1608e-17,-0)
(-8.65193e-17,-0)
(-6.12032e-17,-0)
(-1.16172e-16,-0)
(1.57643e-16,-0)
(6.07966e-17,-0)
(1.07417e-16,-0)
(-2.47578e-16,-0)
(1.16308e-16,-0)
(-7.01479e-17,-0)
(7.60026e-17,-0)
(-1.30646e-17,-0)
(1.52249e-16,-0)
(-5.66225e-17,-0)
(-6.76542e-17,-0)
(-5.68935e-17,-0)
(-1.42573e-17,-0)
(1.42247e-16,-0)
(-2.27547e-16,-0)
(7.75476e-17,-0)
(-1.56044e-16,-0)
(3.25261e-17,-0)
(-5.0307e-17,-0)
(1.19804e-17,-0)
(-1.01319e-16,-0)
(-7.38071e-17,-0)
(-1.68593e-17,-0)
(-1.61817e-17,-0)
(5.42101e-20,-0)
(1.72388e-17,-0)
(-7.08797e-17,-0)
(1.4531e-16,-0)
(-1.53415e-17,-0)
(-1.95156e-18,-0)
(-1.71846e-17,-0)
(-7.275e-17,-0)
(-5.8303e-17,-0)
(3.60497e-18,-0)
(2.15539e-16,-0)
(6.2694e-17,-0)
(5.51588e-17,-0)
(-1.24087e-16,-0)
(1.17961e-16,-0)
(-2.03749e-16,-0)
(6.04172e-17,-0)
(-2.84874e-17,-0)

spx
64
(0,-0)
(0,-0)
(0,-0)
(0,-0)
(0,-0)
(0,-0)
(0,-0)
(0,-0)
(0,-0)
(0,-0)
(0,-0)
(0,-0)
(0,-0)
(0,-0)
(0,-0)
(0,-0)
(0,-0)
(0,-0)
(0,-0)
(0,-0)
(0,-0)
(0,-0)
(0,-0)
(0,-0)
(0,-0)
(0,-0)
(0,-0)
(0,-0)
(0,-0)
(0,-0)
(0,-0)
(0,-0)
(0,-0)
(0,-0)
(0,-0)
(0,-0)
(0,-0)
(0,-0)
(0,-0)
(0,-0)
(0,-0)
(0,-0)
(0,-0)
(0,-0)
(0,-0)
(0,-0)
(0,-0)
(0,-0)
(0,-0)
(0,-0)
(0,-0)
(0,-0)
(0,-0)
(0,-0)
(0,-0)
(0,-0)
(0,-0)
(0,-0)
(0,-0)
(0,-0)
(0,-0)
(0,-0)
(0,-0)
(0,-0)

spy
64
(0,-0)
(0,-0)
(0,-0)
(0,-0)
(0,-0)
(0,-0)
(0,-0)
(0,-0)
(0,-0)
(0,-0)
(0,-0)
(0,-0)
(0,-0)
(0,-0)
(0,-0)
(0,-0)
(0,-0)
(0,-0)
(0,-0)
(0,-0)
(0,-0)
(0,-0)
(0,-0)
(0,-0)
(0,-0)
(0,-0)
(0,-0)
(0,-0)
(0,-0)
(0,-0)
(0,-0)
(0,-0)
(0,-0)
(0,-0)
(0,-0)
(0,-0)
(0,-0)
(0,-0)
(0,-0)
(0,-0)
(0,-0)
(0,-0)
(0,-0)
(0,-0)
(0,-0)
(0,-0)
(0,-0)
(0,-0)
(0,-0)
(0,-0)
(0,-0)
(0,-0)
(0,-0)
(0,-0)
(0,-0)
(0,-0)
(0,-0)
(0,-0)
(0,-0)
(0,-0)
(0,-0)
(0,-0)
(0,-0)
(0,-0)

opx
64
(0,-0)
(0,-0)
(0,-0)
(0,-0)
(0,-0)
(0,-0)
(0,-0)
(0,-0)
(0,-0)
(0,-0)
(0,-0)
(0,-0)
(0,-0)
(0,-0)
(0,-0)
(0,-0)
(0,-0)
(0,-0)
(0,-0)
(0,-0)
(0,-0)
(0,-0)
(0,-0)
(0,-0)
(0,-0)
(0,-0)
(0,-0)
(0,-0)
(0,-0)
(0,-0)
(0,-0)
(0,-0)
(0,-0)
(0,-0)
(0,-0)
(0,-0)
(0,-0)
(0,-0)
(0,-0)
(0,-0)
(0,-0)
(0,-0)
(0,-0)
(0,-0)
(0,-0)
(0,-0)
(0,-0)
(0,-0)
(0,-0)
(0,-0)
(0,-0)
(0,-0)
(0,-0)
(0,-0)
(0,-0)
(0,-0)
(0,-0)
(0,-0)
(0,-0)
(0,-0)
(0,-0)
(0,-0)
(0,-0)
(0,-0)

opy
64
(0,-0)
(0,-0)
(0,-0)
(0,-0)
(0,-0)
(0,-0)
(0,-0)
(0,-0)
(0,-0)
(0,-0)
(0,-0)
(0,-0)
(0,-0)
(0,-0)
(0,-0)
(0,-0)
(0,-0)
(0,-0)
(0,-0)
(0,-0)
(0,-0)
(0,-0)
(0,-0)
(0,-0)
(0,-0)
(0,-0)
(0,-0)
(0,-0)
(0,-0)
(0,-0)
(0,-0)
(0,-0)
(0,-0)
(0,-0)
(0,-0)
(0,-0)
(0,-0)
(0,-0)
(0,-0)
(0,-0)
(0,-0)
(0,-0)
(0,-0)
(0,-0)
(0,-0)
(0,-0)
(0,-0)
(0,-0)
(0,-0)
(0,-0)
(0,-0)
(0,-0)
(0,-0)
(0,-0)
(0,-0)
(0,-0)
(0,-0)
(0,-0)
(0,-0)
(0,-0)
(0,-0)
(0,-0)
(0,-0)
(0,-0)

#Mu: 1.52218
#NumOfElectrons: 128
#LocalChargeDensity
64
2
2
2
2
2
2
2
2
2
2
2
2
2
2
2
2
2
2
2
2
2
2
2
2
2
2
2
2
2
2
2
2
2
2
2
2
2
2
2
2
2
2
2
2
2
2
2
2
2
2
2
2
2
2
2
2
2
2
2
2
2
2
2
2
#nx
64
1
1
1
1
1
1
1
1
1
1
1
1
1
1
1
1
1
1
1
1
1
1
1
1
1
1
1
1
1
1
1
1
1
1
1
1
1
1
1
1
1
1
1
1
1
1
1
1
1
1
1
1
1
1
1
1
1
1
1
1
1
1
1
1
#ny
64
1
1
1
1
1
1
1
1
1
1
1
1
1
1
1
1
1
1
1
1
1
1
1
1
1
1
1
1
1
1
1
1
1
1
1
1
1
1
1
1
1
1
1
1
1
1
1
1
1
1
1
1
1
1
1
1
1
1
1
1
1
1
1
1
#MagneticMoment
64
#mx
64
0
0
4.44089e-16
0
0
0
0
3.33067e-16
4.44089e-16
3.33067e-16
4.44089e-16
1.11022e-16
3.33067e-16
1.11022e-16
0
2.22045e-16
1.11022e-16
2.22045e-16
1.11022e-16
3.33067e-16
1.11022e-16
3.33067e-16
3.33067e-16
3.33067e-16
3.33067e-16
3.33067e-16
2.22045e-16
1.11022e-16
4.44089e-16
4.44089e-16
2.22045e-16
1.11022e-16
1.11022e-16
4.44089e-16
0
2.22045e-16
5.55112e-16
2.22045e-16
3.33067e-16
2.22045e-16
3.33067e-16
6.66134e-16
0
0
1.11022e-16
0
2.22045e-16
1.11022e-16
2.22045e-16
2.22045e-16
1.11022e-16
6.66134e-16
0
3.33067e-16
0
1.11022e-16
2.22045e-16
2.22045e-16
5.55112e-16
2.22045e-16
3.33067e-16
2.22045e-16
2.22045e-16
2.22045e-16
#my
64
2.22045e-16
2.22045e-16
1.11022e-16
2.22045e-16
2.22045e-16
1.11022e-16
3.33067e-16
0
3.33067e-16
0
1.11022e-16
1.11022e-16
5.55112e-16
1.11022e-16
4.44089e-16
1.11022e-16
3.33067e-16
0
2.22045e-16
2.22045e-16
0
4.44089e-16
1.11022e-16
2.22045e-16
1.11022e-16
2.22045e-16
1.11022e-16
3.33067e-16
4.44089e-16
1.11022e-16
1.11022e-16
2.22045e-16
3.33067e-16
2.22045e-16
2.22045e-16
4.44089e-16
1.11022e-16
3.33067e-16
3.33067e-16
4.44089e-16
2.22045e-16
0
0
2.22045e-16
1.11022e-16
1.11022e-16
2.22045e-16
2.22045e-16
1.11022e-16
0
2.22045e-16
2.22045e-16
4.44089e-16
1.11022e-16
1.11022e-16
2.22045e-16
0
2.22045e-16
5.55112e-16
2.22045e-16
0
0
1.11022e-16
0
#thetaX
64
-nan
-nan
3.14159
-nan
-nan
-nan
-nan
3.14159
3.14159
3.14159
0
3.14159
3.14159
3.14159
-nan
0
0
3.14159
0
3.14159
3.14159
3.14159
0
3.14159
3.14159
3.14159
3.14159
3.14159
3.14159
3.14159
3.14159
0
0
3.14159
-nan
0
0
3.14159
3.14159
3.14159
3.14159
3.14159
-nan
-nan
3.14159
-nan
3.14159
0
3.14159
3.14159
3.14159
3.14159
-nan
3.14159
-nan
3.14159
3.14159
3.14159
3.14159
3.14159
0
3.14159
3.14159
3.14159
#thetaY
64
0
3.14159
3.14159
3.14159
3.14159
3.14159
0
-nan
3.14159
-nan
3.14159
0
0
3.14159
3.14159
3.14159
3.14159
-nan
0
3.14159
-nan
3.14159
0
3.14159
0
3.14159
3.14159
0
0
0
3.14159
0
3.14159
0
3.14159
0
3.14159
3.14159
3.14159
3.14159
3.14159
-nan
-nan
3.14159
3.14159
3.14159
3.14159
3.14159
3.14159
-nan
3.14159
3.14159
3.14159
0
3.14159
3.14159
-nan
0
3.14159
3.14159
-nan
-nan
0
-nan
#phiX
64
-nan
-nan
1.5708
-nan
-nan
-nan
-nan
1.5708
1.5708
1.5708
-nan
1.5708
1.5708
1.5708
-nan
-nan
-nan
1.5708
-nan
1.5708
1.5708
1.5708
-nan
1.5708
1.5708
1.5708
1.5708
1.5708
1.5708
1.5708
1.5708
-nan
-nan
1.5708
-nan
-nan
-nan
1.5708
1.5708
1.5708
1.5708
1.5708
-nan
-nan
1.5708
-nan
1.5708
-nan
1.5708
1.5708
1.5708
1.5708
-nan
1.5708
-nan
1.5708
1.5708
1.5708
1.5708
1.5708
-nan
1.5708
1.5708
1.5708
#phiY
64
-nan
1.5708
1.5708
1.5708
1.5708
1.5708
-nan
-nan
1.5708
-nan
1.5708
-nan
-nan
1.5708
1.5708
1.5708
1.5708
-nan
-nan
1.5708
-nan
1.5708
-nan
1.5708
-nan
1.5708
1.5708
-nan
-nan
-nan
1.5708
-nan
1.5708
-nan
1.5708
-nan
1.5708
1.5708
1.5708
1.5708
1.5708
-nan
-nan
1.5708
1.5708
1.5708
1.5708
1.5708
1.5708
-nan
1.5708
1.5708
1.5708
-nan
1.5708
1.5708
-nan
-nan
1.5708
1.5708
-nan
-nan
-nan
-nan
#DOS
-1 -1 -0 0.00651498
-1 -0.75 -0 0.043201
-1 -0.5 -0 0.0188269
-1 -0.25 -0 2.55748
-1 0 -0 0.192713
-1 0.25 -0 2.55748
-1 0.5 -0 0.0188269
-1 0.75 -0 0.043201

-0.75 -1 -0 0.043201
-0.75 -0.75 -0 0.0203642
-0.75 -0.5 -0 0.00901257
-0.75 -0.25 -0 0.100034
-0.75 0 -0 2.55775
-0.75 0.25 -0 0.100034
-0.75 0.5 -0 0.00901257
-0.75 0.75 -0 0.0203642

-0.5 -1 -0 0.0188269
-0.5 -0.75 -0 0.00901257
-0.5 -0.5 -0 0.00649715
-0.5 -0.25 -0 0.0155826
-0.5 0 -0 0.0887381
-0.5 0.25 -0 0.0155826
-0.5 0.5 -0 0.00649715
-0.5 0.75 -0 0.00901257

-0.25 -1 -0 2.55748
-0.25 -0.75 -0 0.100034
-0.25 -0.5 -0 0.0155826
-0.25 -0.25 -0 0.0147443
-0.25 0 -0 0.234824
-0.25 0.25 -0 0.0147443
-0.25 0.5 -0 0.0155826
-0.25 0.75 -0 0.100034

0 -1 -0 0.192713
0 -0.75 -0 2.55775
0 -0.5 -0 0.0887381
0 -0.25 -0 0.234824
0 0 -0 0.0244959
0 0.25 -0 0.234824
0 0.5 -0 0.0887381
0 0.75 -0 2.55775

0.25 -1 -0 2.55748
0.25 -0.75 -0 0.100034
0.25 -0.5 -0 0.0155826
0.25 -0.25 -0 0.0147443
0.25 0 -0 0.234824
0.25 0.25 -0 0.0147443
0.25 0.5 -0 0.0155826
0.25 0.75 -0 0.100034

0.5 -1 -0 0.0188269
0.5 -0.75 -0 0.00901257
0.5 -0.5 -0 0.00649715
0.5 -0.25 -0 0.0155826
0.5 0 -0 0.0887381
0.5 0.25 -0 0.0155826
0.5 0.5 -0 0.00649715
0.5 0.75 -0 0.00901257

0.75 -1 -0 0.043201
0.75 -0.75 -0 0.0203642
0.75 -0.5 -0 0.00901257
0.75 -0.25 -0 0.100034
0.75 0 -0 2.55775
0.75 0.25 -0 0.100034
0.75 0.5 -0 0.00901257
0.75 0.75 -0 0.0203642


#StopTime= Tue Jun 26 20:54:28 2012
#EOF
