#Hartree-Fock Approx. for Multiorbital Hubbard Model
#StartTime= Tue Jun 26 22:22:53 2012
parameters.filename=output16TBC1
parameters.density=0
parameters.mu=1.59315
parameters.lx/y=16/16
parameters.boundaryConditions=periodic
parameters.beta=100000
parameters.iterMAX=5000
parameters.eps
3
1e-05
1e-05
0.01

parameters.intialMFparams=output16TBC
parameters.seed=2011
parameters.alpha=0.5
EngineParam.omegaStep=1.1
parameters.U=0
parameters.Up=0
parameters.J=0
parameters.hoppings
16
1
0
0
-1.3
-1.3
0
0
1
0.85
0.85
0.85
0.85
0.85
-0.85
-0.85
0.85
Converged
#EigenValues
1024
-8
-8
-8
-8
-7.58895
-7.58895
-7.58895
-7.58895
-7.58895
-7.58895
-7.58895
-7.58895
-7.54328
-7.54328
-7.54328
-7.54328
-7.54328
-7.54328
-7.54328
-7.54328
-7.181
-7.181
-7.181
-7.181
-7.181
-7.181
-7.181
-7.181
-7.181
-7.181
-7.181
-7.181
-7.181
-7.181
-7.181
-7.181
-6.41838
-6.41838
-6.41838
-6.41838
-6.41838
-6.41838
-6.41838
-6.41838
-6.24264
-6.24264
-6.24264
-6.24264
-6.24264
-6.24264
-6.24264
-6.24264
-6.14863
-6.14863
-6.14863
-6.14863
-6.14863
-6.14863
-6.14863
-6.14863
-6.14863
-6.14863
-6.14863
-6.14863
-6.14863
-6.14863
-6.14863
-6.14863
-6.01857
-6.01857
-6.01857
-6.01857
-6.01857
-6.01857
-6.01857
-6.01857
-6.01857
-6.01857
-6.01857
-6.01857
-6.01857
-6.01857
-6.01857
-6.01857
-5.37015
-5.37015
-5.37015
-5.37015
-5.37015
-5.37015
-5.37015
-5.37015
-5.37015
-5.37015
-5.37015
-5.37015
-5.37015
-5.37015
-5.37015
-5.37015
-4.66649
-4.66649
-4.66649
-4.66649
-4.66649
-4.66649
-4.66649
-4.66649
-4.60104
-4.60104
-4.60104
-4.60104
-4.60104
-4.60104
-4.60104
-4.60104
-4.60104
-4.60104
-4.60104
-4.60104
-4.60104
-4.60104
-4.60104
-4.60104
-4.36642
-4.36642
-4.36642
-4.36642
-4.36642
-4.36642
-4.36642
-4.36642
-4.36642
-4.36642
-4.36642
-4.36642
-4.36642
-4.36642
-4.36642
-4.36642
-4.2961
-4.2961
-4.2961
-4.2961
-4.2961
-4.2961
-4.2961
-4.2961
-4.27633
-4.27633
-4.27633
-4.27633
-4.27633
-4.27633
-4.27633
-4.27633
-4.27633
-4.27633
-4.27633
-4.27633
-4.27633
-4.27633
-4.27633
-4.27633
-4.17176
-4.17176
-4.17176
-4.17176
-4.17176
-4.17176
-4.17176
-4.17176
-4.17176
-4.17176
-4.17176
-4.17176
-4.17176
-4.17176
-4.17176
-4.17176
-3.89216
-3.89216
-3.89216
-3.89216
-3.89216
-3.89216
-3.89216
-3.89216
-3.89216
-3.89216
-3.89216
-3.89216
-3.89216
-3.89216
-3.89216
-3.89216
-3.4
-3.4
-3.4
-3.4
-3.4
-3.4
-3.4
-3.4
-3.37698
-3.37698
-3.37698
-3.37698
-3.37698
-3.37698
-3.37698
-3.37698
-3.37698
-3.37698
-3.37698
-3.37698
-3.37698
-3.37698
-3.37698
-3.37698
-3.14737
-3.14737
-3.14737
-3.14737
-3.14737
-3.14737
-3.14737
-3.14737
-3.14737
-3.14737
-3.14737
-3.14737
-3.14737
-3.14737
-3.14737
-3.14737
-3.11472
-3.11472
-3.11472
-3.11472
-3.11472
-3.11472
-3.11472
-3.11472
-3.11472
-3.11472
-3.11472
-3.11472
-3.11472
-3.11472
-3.11472
-3.11472
-2.76879
-2.76879
-2.76879
-2.76879
-2.76879
-2.76879
-2.76879
-2.76879
-2.76879
-2.76879
-2.76879
-2.76879
-2.76879
-2.76879
-2.76879
-2.76879
-2.69045
-2.69045
-2.69045
-2.69045
-2.69045
-2.69045
-2.69045
-2.69045
-2.69045
-2.69045
-2.69045
-2.69045
-2.69045
-2.69045
-2.69045
-2.69045
-2.63377
-2.63377
-2.63377
-2.63377
-2.63377
-2.63377
-2.63377
-2.63377
-2.6
-2.6
-2.6
-2.6
-2.6
-2.6
-2.6
-2.6
-2.21447
-2.21447
-2.21447
-2.21447
-2.21447
-2.21447
-2.21447
-2.21447
-2.21447
-2.21447
-2.21447
-2.21447
-2.21447
-2.21447
-2.21447
-2.21447
-2.17455
-2.17455
-2.17455
-2.17455
-2.17455
-2.17455
-2.17455
-2.17455
-2
-2
-2
-2
-2
-2
-2
-2
-1.75005
-1.75005
-1.75005
-1.75005
-1.75005
-1.75005
-1.75005
-1.75005
-1.75005
-1.75005
-1.75005
-1.75005
-1.75005
-1.75005
-1.75005
-1.75005
-1.09617
-1.09617
-1.09617
-1.09617
-1.09617
-1.09617
-1.09617
-1.09617
-1.09617
-1.09617
-1.09617
-1.09617
-1.09617
-1.09617
-1.09617
-1.09617
-0.920322
-0.920322
-0.920322
-0.920322
-0.920322
-0.920322
-0.920322
-0.920322
-0.920322
-0.920322
-0.920322
-0.920322
-0.920322
-0.920322
-0.920322
-0.920322
-0.533509
-0.533509
-0.533509
-0.533509
-0.533509
-0.533509
-0.533509
-0.533509
-0.424264
-0.424264
-0.424264
-0.424264
-0.424264
-0.424264
-0.424264
-0.424264
-0.136385
-0.136385
-0.136385
-0.136385
-0.136385
-0.136385
-0.136385
-0.136385
-0.136385
-0.136385
-0.136385
-0.136385
-0.136385
-0.136385
-0.136385
-0.136385
0.296101
0.296101
0.296101
0.296101
0.296101
0.296101
0.296101
0.296101
0.424264
0.424264
0.424264
0.424264
0.424264
0.424264
0.424264
0.424264
0.685419
0.685419
0.685419
0.685419
0.685419
0.685419
0.685419
0.685419
0.685419
0.685419
0.685419
0.685419
0.685419
0.685419
0.685419
0.685419
1.2
1.2
1.2
1.2
1.21838
1.21838
1.21838
1.21838
1.21838
1.21838
1.21838
1.21838
1.2609
1.2609
1.2609
1.2609
1.2609
1.2609
1.2609
1.2609
1.30657
1.30657
1.30657
1.30657
1.30657
1.30657
1.30657
1.30657
1.37683
1.37683
1.37683
1.37683
1.37683
1.37683
1.37683
1.37683
1.37683
1.37683
1.37683
1.37683
1.37683
1.37683
1.37683
1.37683
1.43431
1.43431
1.43431
1.43431
1.43431
1.43431
1.43431
1.43431
1.57626
1.57626
1.57626
1.57626
1.57626
1.57626
1.57626
1.57626
1.57626
1.57626
1.57626
1.57626
1.57626
1.57626
1.57626
1.57626
1.61005
1.61005
1.61005
1.61005
1.61005
1.61005
1.61005
1.61005
1.66401
1.66401
1.66401
1.66401
1.66401
1.66401
1.66401
1.66401
1.66401
1.66401
1.66401
1.66401
1.66401
1.66401
1.66401
1.66401
1.69385
1.69385
1.69385
1.69385
1.69385
1.69385
1.69385
1.69385
1.70632
1.70632
1.70632
1.70632
1.70632
1.70632
1.70632
1.70632
1.70632
1.70632
1.70632
1.70632
1.70632
1.70632
1.70632
1.70632
1.84984
1.84984
1.84984
1.84984
1.84984
1.84984
1.84984
1.84984
1.87216
1.87216
1.87216
1.87216
1.87216
1.87216
1.87216
1.87216
1.87216
1.87216
1.87216
1.87216
1.87216
1.87216
1.87216
1.87216
1.97015
1.97015
1.97015
1.97015
1.97015
1.97015
1.97015
1.97015
1.97015
1.97015
1.97015
1.97015
1.97015
1.97015
1.97015
1.97015
2
2
2
2
2
2
2
2
2.06424
2.06424
2.06424
2.06424
2.06424
2.06424
2.06424
2.06424
2.19688
2.19688
2.19688
2.19688
2.19688
2.19688
2.19688
2.19688
2.19688
2.19688
2.19688
2.19688
2.19688
2.19688
2.19688
2.19688
2.21447
2.21447
2.21447
2.21447
2.21447
2.21447
2.21447
2.21447
2.21447
2.21447
2.21447
2.21447
2.21447
2.21447
2.21447
2.21447
2.24264
2.24264
2.24264
2.24264
2.24264
2.24264
2.24264
2.24264
2.30615
2.30615
2.30615
2.30615
2.30615
2.30615
2.30615
2.30615
2.33169
2.33169
2.33169
2.33169
2.33169
2.33169
2.33169
2.33169
2.33169
2.33169
2.33169
2.33169
2.33169
2.33169
2.33169
2.33169
2.38895
2.38895
2.38895
2.38895
2.38895
2.38895
2.38895
2.38895
2.52635
2.52635
2.52635
2.52635
2.52635
2.52635
2.52635
2.52635
2.52635
2.52635
2.52635
2.52635
2.52635
2.52635
2.52635
2.52635
2.54055
2.54055
2.54055
2.54055
2.54055
2.54055
2.54055
2.54055
2.54055
2.54055
2.54055
2.54055
2.54055
2.54055
2.54055
2.54055
2.56569
2.56569
2.56569
2.56569
2.56569
2.56569
2.56569
2.56569
2.6
2.6
2.6
2.6
2.6
2.6
2.6
2.6
2.69045
2.69045
2.69045
2.69045
2.69045
2.69045
2.69045
2.69045
2.69045
2.69045
2.69045
2.69045
2.69045
2.69045
2.69045
2.69045
2.7391
2.7391
2.7391
2.7391
2.7391
2.7391
2.7391
2.7391
2.76879
2.76879
2.76879
2.76879
2.76879
2.76879
2.76879
2.76879
2.76879
2.76879
2.76879
2.76879
2.76879
2.76879
2.76879
2.76879
2.7783
2.7783
2.7783
2.7783
2.7783
2.7783
2.7783
2.7783
2.7783
2.7783
2.7783
2.7783
2.7783
2.7783
2.7783
2.7783
2.8
2.8
2.8
2.8
2.84567
2.84567
2.84567
2.84567
2.84567
2.84567
2.84567
2.84567
2.89632
2.89632
2.89632
2.89632
2.89632
2.89632
2.89632
2.89632
2.89632
2.89632
2.89632
2.89632
2.89632
2.89632
2.89632
2.89632
2.93624
2.93624
2.93624
2.93624
2.93624
2.93624
2.93624
2.93624
2.93624
2.93624
2.93624
2.93624
2.93624
2.93624
2.93624
2.93624
2.95849
2.95849
2.95849
2.95849
2.95849
2.95849
2.95849
2.95849
2.97574
2.97574
2.97574
2.97574
2.97574
2.97574
2.97574
2.97574
3.11472
3.11472
3.11472
3.11472
3.11472
3.11472
3.11472
3.11472
3.11472
3.11472
3.11472
3.11472
3.11472
3.11472
3.11472
3.11472
3.13576
3.13576
3.13576
3.13576
3.13576
3.13576
3.13576
3.13576
3.14737
3.14737
3.14737
3.14737
3.14737
3.14737
3.14737
3.14737
3.14737
3.14737
3.14737
3.14737
3.14737
3.14737
3.14737
3.14737
3.17039
3.17039
3.17039
3.17039
3.17039
3.17039
3.17039
3.17039
3.32449
3.32449
3.32449
3.32449
3.32449
3.32449
3.32449
3.32449
3.32449
3.32449
3.32449
3.32449
3.32449
3.32449
3.32449
3.32449
3.37698
3.37698
3.37698
3.37698
3.37698
3.37698
3.37698
3.37698
3.37698
3.37698
3.37698
3.37698
3.37698
3.37698
3.37698
3.37698
3.4
3.4
3.4
3.4
3.4
3.4
3.4
3.4
3.54328
3.54328
3.54328
3.54328
3.54328
3.54328
3.54328
3.54328
3.58995
3.58995
3.58995
3.58995
3.58995
3.58995
3.58995
3.58995
3.59011
3.59011
3.59011
3.59011
3.59011
3.59011
3.59011
3.59011
3.59011
3.59011
3.59011
3.59011
3.59011
3.59011
3.59011
3.59011
3.62961
3.62961
3.62961
3.62961
3.62961
3.62961
3.62961
3.62961
3.75689
3.75689
3.75689
3.75689
3.75689
3.75689
3.75689
3.75689
3.75689
3.75689
3.75689
3.75689
3.75689
3.75689
3.75689
3.75689
3.82426
3.82426
3.82426
3.82426
3.82426
3.82426
3.82426
3.82426
3.89343
3.89343
3.89343
3.89343
3.89343
3.89343
3.89343
3.89343
3.95433
3.95433
3.95433
3.95433
3.95433
3.95433
3.95433
3.95433
4
4
4
4

#MFParameters:New
nxu
256
0.5
0.5
0.5
0.5
0.5
0.5
0.5
0.5
0.5
0.5
0.5
0.5
0.5
0.5
0.5
0.5
0.5
0.5
0.5
0.5
0.5
0.5
0.5
0.5
0.5
0.5
0.5
0.5
0.5
0.5
0.5
0.5
0.5
0.5
0.5
0.5
0.5
0.5
0.5
0.5
0.5
0.5
0.5
0.5
0.5
0.5
0.5
0.5
0.5
0.5
0.5
0.5
0.5
0.5
0.5
0.5
0.5
0.5
0.5
0.5
0.5
0.5
0.5
0.5
0.5
0.5
0.5
0.5
0.5
0.5
0.5
0.5
0.5
0.5
0.5
0.5
0.5
0.5
0.5
0.5
0.5
0.5
0.5
0.5
0.5
0.5
0.5
0.5
0.5
0.5
0.5
0.5
0.5
0.5
0.5
0.5
0.5
0.5
0.5
0.5
0.5
0.5
0.5
0.5
0.5
0.5
0.5
0.5
0.5
0.5
0.5
0.5
0.5
0.5
0.5
0.5
0.5
0.5
0.5
0.5
0.5
0.5
0.5
0.5
0.5
0.5
0.5
0.5
0.5
0.5
0.5
0.5
0.5
0.5
0.5
0.5
0.5
0.5
0.5
0.5
0.5
0.5
0.5
0.5
0.5
0.5
0.5
0.5
0.5
0.5
0.5
0.5
0.5
0.5
0.5
0.5
0.5
0.5
0.5
0.5
0.5
0.5
0.5
0.5
0.5
0.5
0.5
0.5
0.5
0.5
0.5
0.5
0.5
0.5
0.5
0.5
0.5
0.5
0.5
0.5
0.5
0.5
0.5
0.5
0.5
0.5
0.5
0.5
0.5
0.5
0.5
0.5
0.5
0.5
0.5
0.5
0.5
0.5
0.5
0.5
0.5
0.5
0.5
0.5
0.5
0.5
0.5
0.5
0.5
0.5
0.5
0.5
0.5
0.5
0.5
0.5
0.5
0.5
0.5
0.5
0.5
0.5
0.5
0.5
0.5
0.5
0.5
0.5
0.5
0.5
0.5
0.5
0.5
0.5
0.5
0.5
0.5
0.5
0.5
0.5
0.5
0.5
0.5
0.5
0.5
0.5
0.5
0.5
0.5
0.5
0.5
0.5
0.5
0.5
0.5
0.5

nxd
256
0.5
0.5
0.5
0.5
0.5
0.5
0.5
0.5
0.5
0.5
0.5
0.5
0.5
0.5
0.5
0.5
0.5
0.5
0.5
0.5
0.5
0.5
0.5
0.5
0.5
0.5
0.5
0.5
0.5
0.5
0.5
0.5
0.5
0.5
0.5
0.5
0.5
0.5
0.5
0.5
0.5
0.5
0.5
0.5
0.5
0.5
0.5
0.5
0.5
0.5
0.5
0.5
0.5
0.5
0.5
0.5
0.5
0.5
0.5
0.5
0.5
0.5
0.5
0.5
0.5
0.5
0.5
0.5
0.5
0.5
0.5
0.5
0.5
0.5
0.5
0.5
0.5
0.5
0.5
0.5
0.5
0.5
0.5
0.5
0.5
0.5
0.5
0.5
0.5
0.5
0.5
0.5
0.5
0.5
0.5
0.5
0.5
0.5
0.5
0.5
0.5
0.5
0.5
0.5
0.5
0.5
0.5
0.5
0.5
0.5
0.5
0.5
0.5
0.5
0.5
0.5
0.5
0.5
0.5
0.5
0.5
0.5
0.5
0.5
0.5
0.5
0.5
0.5
0.5
0.5
0.5
0.5
0.5
0.5
0.5
0.5
0.5
0.5
0.5
0.5
0.5
0.5
0.5
0.5
0.5
0.5
0.5
0.5
0.5
0.5
0.5
0.5
0.5
0.5
0.5
0.5
0.5
0.5
0.5
0.5
0.5
0.5
0.5
0.5
0.5
0.5
0.5
0.5
0.5
0.5
0.5
0.5
0.5
0.5
0.5
0.5
0.5
0.5
0.5
0.5
0.5
0.5
0.5
0.5
0.5
0.5
0.5
0.5
0.5
0.5
0.5
0.5
0.5
0.5
0.5
0.5
0.5
0.5
0.5
0.5
0.5
0.5
0.5
0.5
0.5
0.5
0.5
0.5
0.5
0.5
0.5
0.5
0.5
0.5
0.5
0.5
0.5
0.5
0.5
0.5
0.5
0.5
0.5
0.5
0.5
0.5
0.5
0.5
0.5
0.5
0.5
0.5
0.5
0.5
0.5
0.5
0.5
0.5
0.5
0.5
0.5
0.5
0.5
0.5
0.5
0.5
0.5
0.5
0.5
0.5
0.5
0.5
0.5
0.5
0.5
0.5

nyu
256
0.5
0.5
0.5
0.5
0.5
0.5
0.5
0.5
0.5
0.5
0.5
0.5
0.5
0.5
0.5
0.5
0.5
0.5
0.5
0.5
0.5
0.5
0.5
0.5
0.5
0.5
0.5
0.5
0.5
0.5
0.5
0.5
0.5
0.5
0.5
0.5
0.5
0.5
0.5
0.5
0.5
0.5
0.5
0.5
0.5
0.5
0.5
0.5
0.5
0.5
0.5
0.5
0.5
0.5
0.5
0.5
0.5
0.5
0.5
0.5
0.5
0.5
0.5
0.5
0.5
0.5
0.5
0.5
0.5
0.5
0.5
0.5
0.5
0.5
0.5
0.5
0.5
0.5
0.5
0.5
0.5
0.5
0.5
0.5
0.5
0.5
0.5
0.5
0.5
0.5
0.5
0.5
0.5
0.5
0.5
0.5
0.5
0.5
0.5
0.5
0.5
0.5
0.5
0.5
0.5
0.5
0.5
0.5
0.5
0.5
0.5
0.5
0.5
0.5
0.5
0.5
0.5
0.5
0.5
0.5
0.5
0.5
0.5
0.5
0.5
0.5
0.5
0.5
0.5
0.5
0.5
0.5
0.5
0.5
0.5
0.5
0.5
0.5
0.5
0.5
0.5
0.5
0.5
0.5
0.5
0.5
0.5
0.5
0.5
0.5
0.5
0.5
0.5
0.5
0.5
0.5
0.5
0.5
0.5
0.5
0.5
0.5
0.5
0.5
0.5
0.5
0.5
0.5
0.5
0.5
0.5
0.5
0.5
0.5
0.5
0.5
0.5
0.5
0.5
0.5
0.5
0.5
0.5
0.5
0.5
0.5
0.5
0.5
0.5
0.5
0.5
0.5
0.5
0.5
0.5
0.5
0.5
0.5
0.5
0.5
0.5
0.5
0.5
0.5
0.5
0.5
0.5
0.5
0.5
0.5
0.5
0.5
0.5
0.5
0.5
0.5
0.5
0.5
0.5
0.5
0.5
0.5
0.5
0.5
0.5
0.5
0.5
0.5
0.5
0.5
0.5
0.5
0.5
0.5
0.5
0.5
0.5
0.5
0.5
0.5
0.5
0.5
0.5
0.5
0.5
0.5
0.5
0.5
0.5
0.5
0.5
0.5
0.5
0.5
0.5
0.5

nyd
256
0.5
0.5
0.5
0.5
0.5
0.5
0.5
0.5
0.5
0.5
0.5
0.5
0.5
0.5
0.5
0.5
0.5
0.5
0.5
0.5
0.5
0.5
0.5
0.5
0.5
0.5
0.5
0.5
0.5
0.5
0.5
0.5
0.5
0.5
0.5
0.5
0.5
0.5
0.5
0.5
0.5
0.5
0.5
0.5
0.5
0.5
0.5
0.5
0.5
0.5
0.5
0.5
0.5
0.5
0.5
0.5
0.5
0.5
0.5
0.5
0.5
0.5
0.5
0.5
0.5
0.5
0.5
0.5
0.5
0.5
0.5
0.5
0.5
0.5
0.5
0.5
0.5
0.5
0.5
0.5
0.5
0.5
0.5
0.5
0.5
0.5
0.5
0.5
0.5
0.5
0.5
0.5
0.5
0.5
0.5
0.5
0.5
0.5
0.5
0.5
0.5
0.5
0.5
0.5
0.5
0.5
0.5
0.5
0.5
0.5
0.5
0.5
0.5
0.5
0.5
0.5
0.5
0.5
0.5
0.5
0.5
0.5
0.5
0.5
0.5
0.5
0.5
0.5
0.5
0.5
0.5
0.5
0.5
0.5
0.5
0.5
0.5
0.5
0.5
0.5
0.5
0.5
0.5
0.5
0.5
0.5
0.5
0.5
0.5
0.5
0.5
0.5
0.5
0.5
0.5
0.5
0.5
0.5
0.5
0.5
0.5
0.5
0.5
0.5
0.5
0.5
0.5
0.5
0.5
0.5
0.5
0.5
0.5
0.5
0.5
0.5
0.5
0.5
0.5
0.5
0.5
0.5
0.5
0.5
0.5
0.5
0.5
0.5
0.5
0.5
0.5
0.5
0.5
0.5
0.5
0.5
0.5
0.5
0.5
0.5
0.5
0.5
0.5
0.5
0.5
0.5
0.5
0.5
0.5
0.5
0.5
0.5
0.5
0.5
0.5
0.5
0.5
0.5
0.5
0.5
0.5
0.5
0.5
0.5
0.5
0.5
0.5
0.5
0.5
0.5
0.5
0.5
0.5
0.5
0.5
0.5
0.5
0.5
0.5
0.5
0.5
0.5
0.5
0.5
0.5
0.5
0.5
0.5
0.5
0.5
0.5
0.5
0.5
0.5
0.5
0.5

tpu
256
(-5.32223e-18,-0)
(-4.02281e-16,-0)
(-1.96168e-16,-0)
(-1.1335e-16,-0)
(2.71032e-16,-0)
(-2.57746e-16,-0)
(-3.56493e-16,-0)
(6.11467e-16,-0)
(-8.62648e-16,-0)
(-2.51837e-17,-0)
(-3.81883e-16,-0)
(4.65738e-16,-0)
(-4.18253e-16,-0)
(1.13875e-16,-0)
(1.52639e-16,-0)
(-2.75876e-16,-0)
(-8.80485e-17,-0)
(-1.03713e-16,-0)
(-7.53902e-17,-0)
(-5.37031e-17,-0)
(2.86202e-16,-0)
(3.56319e-16,-0)
(4.61682e-16,-0)
(-3.30864e-16,-0)
(4.72647e-17,-0)
(3.80068e-16,-0)
(5.49424e-16,-0)
(-9.82934e-16,-0)
(5.12845e-16,-0)
(4.32921e-16,-0)
(3.24392e-16,-0)
(-3.82378e-16,-0)
(5.11007e-16,-0)
(1.13739e-16,-0)
(3.95971e-16,-0)
(1.29229e-16,-0)
(-5.81309e-16,-0)
(-1.4376e-16,-0)
(-6.05582e-17,-0)
(1.78789e-16,-0)
(-5.57086e-16,-0)
(-7.24925e-16,-0)
(-3.00275e-16,-0)
(6.73188e-16,-0)
(-2.7298e-16,-0)
(-3.62251e-16,-0)
(-2.92532e-16,-0)
(3.29228e-16,-0)
(1.31782e-16,-0)
(1.31194e-16,-0)
(-1.08449e-16,-0)
(-1.70027e-16,-0)
(6.01515e-16,-0)
(2.65338e-16,-0)
(-2.25274e-17,-0)
(-2.18564e-16,-0)
(4.88263e-16,-0)
(4.68739e-16,-0)
(4.73366e-16,-0)
(-9.99968e-16,-0)
(6.35706e-16,-0)
(2.20307e-16,-0)
(-5.32656e-17,-0)
(-8.77423e-17,-0)
(-2.62364e-16,-0)
(9.53611e-17,-0)
(6.28921e-17,-0)
(-2.23723e-19,-0)
(-4.54018e-16,-0)
(1.24385e-16,-0)
(-5.61777e-17,-0)
(5.06737e-16,-0)
(-5.76137e-16,-0)
(3.14239e-18,-0)
(-6.42088e-16,-0)
(7.50442e-16,-0)
(-4.41946e-16,-0)
(-1.2979e-16,-0)
(5.85905e-16,-0)
(5.30861e-16,-0)
(4.81668e-16,-0)
(3.20088e-16,-0)
(-6.18802e-16,-0)
(1.50455e-16,-0)
(-9.50968e-17,-0)
(4.04207e-16,-0)
(-2.67651e-16,-0)
(-4.2269e-16,-0)
(4.43652e-16,-0)
(-4.87489e-16,-0)
(5.27626e-16,-0)
(-9.92065e-16,-0)
(7.2865e-16,-0)
(-8.7395e-17,-0)
(2.31364e-16,-0)
(-5.09717e-16,-0)
(3.57385e-16,-0)
(-3.36592e-16,-0)
(2.6968e-16,-0)
(-7.96785e-17,-0)
(-8.36189e-17,-0)
(-6.16763e-16,-0)
(8.70013e-16,-0)
(-4.30846e-17,-0)
(-2.61173e-16,-0)
(-1.75488e-16,-0)
(-2.71946e-16,-0)
(7.4373e-17,-0)
(-3.56717e-16,-0)
(1.79799e-16,-0)
(-2.81718e-16,-0)
(-1.16094e-16,-0)
(9.61599e-17,-0)
(2.09737e-16,-0)
(-8.74484e-17,-0)
(2.18399e-16,-0)
(-7.23629e-17,-0)
(4.13374e-16,-0)
(1.43264e-17,-0)
(9.66538e-17,-0)
(-2.51669e-16,-0)
(7.17615e-16,-0)
(-6.13406e-16,-0)
(4.56669e-16,-0)
(-1.97623e-18,-0)
(5.26018e-17,-0)
(3.40015e-17,-0)
(1.98285e-16,-0)
(2.3417e-16,-0)
(-4.699e-16,-0)
(5.03531e-16,-0)
(-5.44126e-16,-0)
(4.73178e-16,-0)
(1.274e-16,-0)
(-9.36364e-17,-0)
(6.58667e-17,-0)
(-2.74026e-16,-0)
(8.87568e-16,-0)
(-5.10865e-16,-0)
(-3.73316e-17,-0)
(2.00581e-16,-0)
(-1.78792e-16,-0)
(-3.58966e-16,-0)
(-2.23964e-16,-0)
(-1.34268e-16,-0)
(1.06336e-15,-0)
(3.80902e-17,-0)
(6.75677e-16,-0)
(-6.47732e-16,-0)
(2.57305e-16,-0)
(6.2522e-17,-0)
(5.67293e-16,-0)
(-2.72473e-16,-0)
(-5.5491e-16,-0)
(5.57489e-16,-0)
(4.07446e-17,-0)
(4.02326e-16,-0)
(-4.26498e-16,-0)
(1.52195e-16,-0)
(5.40834e-16,-0)
(1.22632e-17,-0)
(-6.86119e-16,-0)
(1.03052e-18,-0)
(-1.28805e-16,-0)
(8.87585e-16,-0)
(-4.51345e-16,-0)
(-2.48048e-16,-0)
(-8.42893e-16,-0)
(1.03592e-15,-0)
(9.57087e-17,-0)
(3.62572e-16,-0)
(-1.11716e-16,-0)
(-2.14318e-16,-0)
(-1.8039e-16,-0)
(1.43157e-17,-0)
(-7.97709e-16,-0)
(-1.86674e-16,-0)
(4.52555e-16,-0)
(-2.34937e-16,-0)
(3.41998e-17,-0)
(-2.98122e-16,-0)
(8.56148e-17,-0)
(4.14783e-16,-0)
(7.20273e-16,-0)
(-1.36847e-15,-0)
(4.81479e-16,-0)
(-1.95575e-16,-0)
(5.04992e-16,-0)
(-3.6838e-16,-0)
(3.38838e-16,-0)
(-3.24775e-17,-0)
(4.6203e-16,-0)
(7.41973e-16,-0)
(-7.05642e-16,-0)
(7.59544e-16,-0)
(-5.79209e-16,-0)
(6.49359e-16,-0)
(-5.84365e-16,-0)
(1.96742e-16,-0)
(-1.70396e-17,-0)
(2.76177e-16,-0)
(7.24214e-16,-0)
(-7.7857e-16,-0)
(4.6246e-16,-0)
(-1.4557e-16,-0)
(5.71395e-17,-0)
(1.23079e-16,-0)
(-7.30138e-16,-0)
(-3.5819e-16,-0)
(3.93646e-16,-0)
(-3.09932e-16,-0)
(4.54147e-16,-0)
(-7.32831e-16,-0)
(6.71909e-16,-0)
(-4.03883e-16,-0)
(3.48801e-16,-0)
(2.26939e-17,-0)
(-4.74026e-17,-0)
(3.68937e-16,-0)
(6.09779e-18,-0)
(-2.49627e-16,-0)
(2.68543e-16,-0)
(-4.27086e-16,-0)
(8.44248e-16,-0)
(3.15931e-17,-0)
(-5.33462e-17,-0)
(2.25406e-16,-0)
(-8.74469e-16,-0)
(5.84821e-16,-0)
(-8.99608e-16,-0)
(7.34269e-16,-0)
(-4.5401e-16,-0)
(3.3805e-16,-0)
(-2.45807e-17,-0)
(1.98199e-16,-0)
(-1.26679e-16,-0)
(5.61557e-16,-0)
(-7.09609e-16,-0)
(4.6532e-16,-0)
(-1.80127e-16,-0)
(4.5802e-17,-0)
(7.44908e-16,-0)
(5.79811e-17,-0)
(2.09708e-16,-0)
(-2.38375e-16,-0)
(2.1852e-16,-0)
(1.50366e-17,-0)
(2.83146e-16,-0)
(3.65346e-16,-0)
(-9.32383e-17,-0)
(1.85865e-16,-0)
(2.58614e-17,-0)
(-2.88045e-16,-0)
(3.65958e-16,-0)
(-2.03545e-16,-0)
(-1.55602e-16,-0)

tpd
256
(-8.57753e-16,-0)
(4.3865e-16,-0)
(-3.62757e-16,-0)
(-1.93729e-16,-0)
(1.5183e-17,-0)
(9.89304e-17,-0)
(-3.29287e-16,-0)
(4.07153e-16,-0)
(-4.98734e-16,-0)
(8.41016e-16,-0)
(-5.60885e-16,-0)
(2.85632e-16,-0)
(-5.72177e-16,-0)
(5.32268e-16,-0)
(-2.10967e-16,-0)
(2.12406e-16,-0)
(7.35112e-17,-0)
(-1.49699e-16,-0)
(-1.43029e-16,-0)
(2.04826e-16,-0)
(3.68541e-16,-0)
(2.76178e-16,-0)
(-1.41356e-16,-0)
(1.24525e-16,-0)
(-7.37319e-17,-0)
(-2.13341e-16,-0)
(4.87147e-16,-0)
(-4.49451e-16,-0)
(7.00375e-16,-0)
(-2.97809e-16,-0)
(3.74339e-16,-0)
(2.96685e-16,-0)
(9.02513e-17,-0)
(-6.64953e-17,-0)
(1.35717e-16,-0)
(3.05441e-16,-0)
(-4.95945e-16,-0)
(-1.10448e-16,-0)
(-2.74914e-16,-0)
(3.64566e-16,-0)
(-7.65622e-16,-0)
(4.75244e-16,-0)
(-1.61795e-16,-0)
(2.78637e-16,-0)
(-6.94209e-16,-0)
(4.64491e-16,-0)
(-2.3325e-16,-0)
(1.52192e-16,-0)
(3.48989e-16,-0)
(-6.11171e-18,-0)
(-6.9258e-17,-0)
(-4.96978e-16,-0)
(1.02927e-16,-0)
(-1.76613e-17,-0)
(-1.1674e-16,-0)
(-3.52066e-16,-0)
(6.03702e-16,-0)
(4.39513e-16,-0)
(-6.81407e-17,-0)
(-3.39809e-16,-0)
(7.42759e-16,-0)
(-1.81359e-16,-0)
(-3.83493e-16,-0)
(-2.96292e-16,-0)
(3.23773e-16,-0)
(-5.17524e-16,-0)
(2.67648e-16,-0)
(1.54156e-16,-0)
(2.77734e-16,-0)
(-4.27817e-16,-0)
(-4.95487e-17,-0)
(3.26379e-16,-0)
(-4.11137e-16,-0)
(-8.342e-17,-0)
(-1.48081e-16,-0)
(2.4793e-16,-0)
(-7.67681e-16,-0)
(-2.20627e-17,-0)
(5.03583e-16,-0)
(1.58653e-16,-0)
(-6.82161e-16,-0)
(7.93919e-16,-0)
(-5.26369e-16,-0)
(3.91236e-16,-0)
(-8.49427e-16,-0)
(1.34354e-15,-0)
(-9.49566e-16,-0)
(9.70351e-17,-0)
(2.03346e-16,-0)
(-2.36054e-16,-0)
(-4.57282e-17,-0)
(-4.67091e-16,-0)
(2.61017e-16,-0)
(-1.77943e-16,-0)
(2.98246e-16,-0)
(2.054e-16,-0)
(-1.7537e-16,-0)
(4.84852e-17,-0)
(1.98078e-16,-0)
(5.59276e-17,-0)
(-1.18154e-17,-0)
(-4.39245e-16,-0)
(5.34172e-16,-0)
(-5.05554e-17,-0)
(4.58324e-16,-0)
(-5.58047e-16,-0)
(-3.72493e-16,-0)
(2.72638e-16,-0)
(2.39973e-16,-0)
(-3.98332e-16,-0)
(2.59099e-16,-0)
(2.36859e-16,-0)
(5.81129e-17,-0)
(2.42607e-16,-0)
(-1.37324e-16,-0)
(6.25787e-17,-0)
(-2.92322e-16,-0)
(1.06057e-15,-0)
(-6.7621e-17,-0)
(3.50666e-17,-0)
(1.37951e-17,-0)
(4.18835e-16,-0)
(-2.67067e-16,-0)
(-1.51569e-16,-0)
(-2.12477e-16,-0)
(2.88829e-16,-0)
(6.10333e-17,-0)
(1.5853e-16,-0)
(5.85837e-16,-0)
(-2.99666e-16,-0)
(3.92476e-16,-0)
(-2.50938e-16,-0)
(5.4777e-16,-0)
(-2.8643e-16,-0)
(-1.57172e-17,-0)
(-6.15868e-17,-0)
(3.20505e-16,-0)
(-3.41928e-16,-0)
(1.39108e-16,-0)
(-4.47947e-17,-0)
(3.20614e-16,-0)
(-1.17613e-16,-0)
(5.09529e-17,-0)
(-2.58232e-16,-0)
(-7.80191e-16,-0)
(5.43482e-16,-0)
(-1.97143e-16,-0)
(5.92868e-16,-0)
(-6.43426e-16,-0)
(3.06477e-17,-0)
(-2.66471e-16,-0)
(6.57524e-16,-0)
(-4.46834e-16,-0)
(2.81156e-16,-0)
(2.74068e-16,-0)
(-5.9492e-17,-0)
(1.0709e-16,-0)
(-1.91022e-16,-0)
(6.52583e-17,-0)
(5.22384e-16,-0)
(5.93641e-16,-0)
(1.36731e-17,-0)
(-1.42667e-16,-0)
(-3.9487e-16,-0)
(8.2509e-16,-0)
(-2.43483e-16,-0)
(-8.31563e-17,-0)
(-5.72409e-16,-0)
(1.06833e-15,-0)
(-4.62998e-17,-0)
(3.19006e-16,-0)
(3.92439e-17,-0)
(-1.28919e-16,-0)
(2.21773e-16,-0)
(-5.41898e-16,-0)
(-5.56648e-16,-0)
(-4.98997e-16,-0)
(-6.39827e-17,-0)
(2.73349e-16,-0)
(3.39608e-16,-0)
(1.39809e-17,-0)
(1.05946e-17,-0)
(3.43875e-16,-0)
(1.82278e-16,-0)
(-6.84079e-16,-0)
(-1.0416e-16,-0)
(4.4178e-16,-0)
(2.14228e-17,-0)
(-1.56779e-17,-0)
(-1.24378e-16,-0)
(7.33614e-16,-0)
(5.60063e-16,-0)
(1.17146e-16,-0)
(6.51522e-16,-0)
(1.81667e-16,-0)
(-4.55422e-16,-0)
(3.96604e-16,-0)
(-3.99644e-17,-0)
(2.73495e-17,-0)
(8.6199e-17,-0)
(-5.15172e-17,-0)
(7.10904e-16,-0)
(-4.18207e-16,-0)
(5.32785e-17,-0)
(1.89827e-16,-0)
(5.79445e-16,-0)
(-9.5761e-16,-0)
(-4.81236e-16,-0)
(-2.9757e-16,-0)
(-1.5834e-16,-0)
(1.8913e-16,-0)
(1.86072e-16,-0)
(-3.7061e-16,-0)
(-2.89922e-16,-0)
(2.01811e-16,-0)
(4.81192e-16,-0)
(-1.67963e-16,-0)
(-6.49824e-16,-0)
(5.13446e-16,-0)
(1.11534e-16,-0)
(-2.94997e-17,-0)
(-2.36802e-16,-0)
(-2.70813e-17,-0)
(8.07107e-16,-0)
(2.7042e-16,-0)
(1.08257e-16,-0)
(-1.72774e-16,-0)
(-6.59092e-16,-0)
(4.40558e-16,-0)
(7.43247e-17,-0)
(-1.38033e-16,-0)
(1.89526e-16,-0)
(-2.99659e-16,-0)
(3.2393e-16,-0)
(-4.54082e-16,-0)
(1.47371e-16,-0)
(-2.36543e-16,-0)
(6.38716e-16,-0)
(-4.8045e-16,-0)
(-1.43714e-16,-0)
(1.95745e-16,-0)
(-4.05871e-16,-0)
(5.5805e-16,-0)
(-2.17278e-16,-0)
(5.51248e-16,-0)
(-8.82827e-16,-0)
(5.45571e-16,-0)
(9.43576e-17,-0)
(2.81236e-16,-0)
(-6.12914e-16,-0)
(6.79926e-16,-0)
(1.32148e-16,-0)
(2.20752e-16,-0)
(1.13133e-16,-0)
(2.91911e-16,-0)
(-5.69215e-17,-0)

spx
256
(0,-0)
(0,-0)
(0,-0)
(0,-0)
(0,-0)
(0,-0)
(0,-0)
(0,-0)
(0,-0)
(0,-0)
(0,-0)
(0,-0)
(0,-0)
(0,-0)
(0,-0)
(0,-0)
(0,-0)
(0,-0)
(0,-0)
(0,-0)
(0,-0)
(0,-0)
(0,-0)
(0,-0)
(0,-0)
(0,-0)
(0,-0)
(0,-0)
(0,-0)
(0,-0)
(0,-0)
(0,-0)
(0,-0)
(0,-0)
(0,-0)
(0,-0)
(0,-0)
(0,-0)
(0,-0)
(0,-0)
(0,-0)
(0,-0)
(0,-0)
(0,-0)
(0,-0)
(0,-0)
(0,-0)
(0,-0)
(0,-0)
(0,-0)
(0,-0)
(0,-0)
(0,-0)
(0,-0)
(0,-0)
(0,-0)
(0,-0)
(0,-0)
(0,-0)
(0,-0)
(0,-0)
(0,-0)
(0,-0)
(0,-0)
(0,-0)
(0,-0)
(0,-0)
(0,-0)
(0,-0)
(0,-0)
(0,-0)
(0,-0)
(0,-0)
(0,-0)
(0,-0)
(0,-0)
(0,-0)
(0,-0)
(0,-0)
(0,-0)
(0,-0)
(0,-0)
(0,-0)
(0,-0)
(0,-0)
(0,-0)
(0,-0)
(0,-0)
(0,-0)
(0,-0)
(0,-0)
(0,-0)
(0,-0)
(0,-0)
(0,-0)
(0,-0)
(0,-0)
(0,-0)
(0,-0)
(0,-0)
(0,-0)
(0,-0)
(0,-0)
(0,-0)
(0,-0)
(0,-0)
(0,-0)
(0,-0)
(0,-0)
(0,-0)
(0,-0)
(0,-0)
(0,-0)
(0,-0)
(0,-0)
(0,-0)
(0,-0)
(0,-0)
(0,-0)
(0,-0)
(0,-0)
(0,-0)
(0,-0)
(0,-0)
(0,-0)
(0,-0)
(0,-0)
(0,-0)
(0,-0)
(0,-0)
(0,-0)
(0,-0)
(0,-0)
(0,-0)
(0,-0)
(0,-0)
(0,-0)
(0,-0)
(0,-0)
(0,-0)
(0,-0)
(0,-0)
(0,-0)
(0,-0)
(0,-0)
(0,-0)
(0,-0)
(0,-0)
(0,-0)
(0,-0)
(0,-0)
(0,-0)
(0,-0)
(0,-0)
(0,-0)
(0,-0)
(0,-0)
(0,-0)
(0,-0)
(0,-0)
(0,-0)
(0,-0)
(0,-0)
(0,-0)
(0,-0)
(0,-0)
(0,-0)
(0,-0)
(0,-0)
(0,-0)
(0,-0)
(0,-0)
(0,-0)
(0,-0)
(0,-0)
(0,-0)
(0,-0)
(0,-0)
(0,-0)
(0,-0)
(0,-0)
(0,-0)
(0,-0)
(0,-0)
(0,-0)
(0,-0)
(0,-0)
(0,-0)
(0,-0)
(0,-0)
(0,-0)
(0,-0)
(0,-0)
(0,-0)
(0,-0)
(0,-0)
(0,-0)
(0,-0)
(0,-0)
(0,-0)
(0,-0)
(0,-0)
(0,-0)
(0,-0)
(0,-0)
(0,-0)
(0,-0)
(0,-0)
(0,-0)
(0,-0)
(0,-0)
(0,-0)
(0,-0)
(0,-0)
(0,-0)
(0,-0)
(0,-0)
(0,-0)
(0,-0)
(0,-0)
(0,-0)
(0,-0)
(0,-0)
(0,-0)
(0,-0)
(0,-0)
(0,-0)
(0,-0)
(0,-0)
(0,-0)
(0,-0)
(0,-0)
(0,-0)
(0,-0)
(0,-0)
(0,-0)
(0,-0)
(0,-0)
(0,-0)
(0,-0)
(0,-0)
(0,-0)
(0,-0)
(0,-0)
(0,-0)
(0,-0)
(0,-0)
(0,-0)
(0,-0)
(0,-0)
(0,-0)
(0,-0)
(0,-0)
(0,-0)
(0,-0)
(0,-0)

spy
256
(0,-0)
(0,-0)
(0,-0)
(0,-0)
(0,-0)
(0,-0)
(0,-0)
(0,-0)
(0,-0)
(0,-0)
(0,-0)
(0,-0)
(0,-0)
(0,-0)
(0,-0)
(0,-0)
(0,-0)
(0,-0)
(0,-0)
(0,-0)
(0,-0)
(0,-0)
(0,-0)
(0,-0)
(0,-0)
(0,-0)
(0,-0)
(0,-0)
(0,-0)
(0,-0)
(0,-0)
(0,-0)
(0,-0)
(0,-0)
(0,-0)
(0,-0)
(0,-0)
(0,-0)
(0,-0)
(0,-0)
(0,-0)
(0,-0)
(0,-0)
(0,-0)
(0,-0)
(0,-0)
(0,-0)
(0,-0)
(0,-0)
(0,-0)
(0,-0)
(0,-0)
(0,-0)
(0,-0)
(0,-0)
(0,-0)
(0,-0)
(0,-0)
(0,-0)
(0,-0)
(0,-0)
(0,-0)
(0,-0)
(0,-0)
(0,-0)
(0,-0)
(0,-0)
(0,-0)
(0,-0)
(0,-0)
(0,-0)
(0,-0)
(0,-0)
(0,-0)
(0,-0)
(0,-0)
(0,-0)
(0,-0)
(0,-0)
(0,-0)
(0,-0)
(0,-0)
(0,-0)
(0,-0)
(0,-0)
(0,-0)
(0,-0)
(0,-0)
(0,-0)
(0,-0)
(0,-0)
(0,-0)
(0,-0)
(0,-0)
(0,-0)
(0,-0)
(0,-0)
(0,-0)
(0,-0)
(0,-0)
(0,-0)
(0,-0)
(0,-0)
(0,-0)
(0,-0)
(0,-0)
(0,-0)
(0,-0)
(0,-0)
(0,-0)
(0,-0)
(0,-0)
(0,-0)
(0,-0)
(0,-0)
(0,-0)
(0,-0)
(0,-0)
(0,-0)
(0,-0)
(0,-0)
(0,-0)
(0,-0)
(0,-0)
(0,-0)
(0,-0)
(0,-0)
(0,-0)
(0,-0)
(0,-0)
(0,-0)
(0,-0)
(0,-0)
(0,-0)
(0,-0)
(0,-0)
(0,-0)
(0,-0)
(0,-0)
(0,-0)
(0,-0)
(0,-0)
(0,-0)
(0,-0)
(0,-0)
(0,-0)
(0,-0)
(0,-0)
(0,-0)
(0,-0)
(0,-0)
(0,-0)
(0,-0)
(0,-0)
(0,-0)
(0,-0)
(0,-0)
(0,-0)
(0,-0)
(0,-0)
(0,-0)
(0,-0)
(0,-0)
(0,-0)
(0,-0)
(0,-0)
(0,-0)
(0,-0)
(0,-0)
(0,-0)
(0,-0)
(0,-0)
(0,-0)
(0,-0)
(0,-0)
(0,-0)
(0,-0)
(0,-0)
(0,-0)
(0,-0)
(0,-0)
(0,-0)
(0,-0)
(0,-0)
(0,-0)
(0,-0)
(0,-0)
(0,-0)
(0,-0)
(0,-0)
(0,-0)
(0,-0)
(0,-0)
(0,-0)
(0,-0)
(0,-0)
(0,-0)
(0,-0)
(0,-0)
(0,-0)
(0,-0)
(0,-0)
(0,-0)
(0,-0)
(0,-0)
(0,-0)
(0,-0)
(0,-0)
(0,-0)
(0,-0)
(0,-0)
(0,-0)
(0,-0)
(0,-0)
(0,-0)
(0,-0)
(0,-0)
(0,-0)
(0,-0)
(0,-0)
(0,-0)
(0,-0)
(0,-0)
(0,-0)
(0,-0)
(0,-0)
(0,-0)
(0,-0)
(0,-0)
(0,-0)
(0,-0)
(0,-0)
(0,-0)
(0,-0)
(0,-0)
(0,-0)
(0,-0)
(0,-0)
(0,-0)
(0,-0)
(0,-0)
(0,-0)
(0,-0)
(0,-0)
(0,-0)
(0,-0)
(0,-0)
(0,-0)
(0,-0)
(0,-0)
(0,-0)
(0,-0)
(0,-0)
(0,-0)
(0,-0)
(0,-0)

opx
256
(0,-0)
(0,-0)
(0,-0)
(0,-0)
(0,-0)
(0,-0)
(0,-0)
(0,-0)
(0,-0)
(0,-0)
(0,-0)
(0,-0)
(0,-0)
(0,-0)
(0,-0)
(0,-0)
(0,-0)
(0,-0)
(0,-0)
(0,-0)
(0,-0)
(0,-0)
(0,-0)
(0,-0)
(0,-0)
(0,-0)
(0,-0)
(0,-0)
(0,-0)
(0,-0)
(0,-0)
(0,-0)
(0,-0)
(0,-0)
(0,-0)
(0,-0)
(0,-0)
(0,-0)
(0,-0)
(0,-0)
(0,-0)
(0,-0)
(0,-0)
(0,-0)
(0,-0)
(0,-0)
(0,-0)
(0,-0)
(0,-0)
(0,-0)
(0,-0)
(0,-0)
(0,-0)
(0,-0)
(0,-0)
(0,-0)
(0,-0)
(0,-0)
(0,-0)
(0,-0)
(0,-0)
(0,-0)
(0,-0)
(0,-0)
(0,-0)
(0,-0)
(0,-0)
(0,-0)
(0,-0)
(0,-0)
(0,-0)
(0,-0)
(0,-0)
(0,-0)
(0,-0)
(0,-0)
(0,-0)
(0,-0)
(0,-0)
(0,-0)
(0,-0)
(0,-0)
(0,-0)
(0,-0)
(0,-0)
(0,-0)
(0,-0)
(0,-0)
(0,-0)
(0,-0)
(0,-0)
(0,-0)
(0,-0)
(0,-0)
(0,-0)
(0,-0)
(0,-0)
(0,-0)
(0,-0)
(0,-0)
(0,-0)
(0,-0)
(0,-0)
(0,-0)
(0,-0)
(0,-0)
(0,-0)
(0,-0)
(0,-0)
(0,-0)
(0,-0)
(0,-0)
(0,-0)
(0,-0)
(0,-0)
(0,-0)
(0,-0)
(0,-0)
(0,-0)
(0,-0)
(0,-0)
(0,-0)
(0,-0)
(0,-0)
(0,-0)
(0,-0)
(0,-0)
(0,-0)
(0,-0)
(0,-0)
(0,-0)
(0,-0)
(0,-0)
(0,-0)
(0,-0)
(0,-0)
(0,-0)
(0,-0)
(0,-0)
(0,-0)
(0,-0)
(0,-0)
(0,-0)
(0,-0)
(0,-0)
(0,-0)
(0,-0)
(0,-0)
(0,-0)
(0,-0)
(0,-0)
(0,-0)
(0,-0)
(0,-0)
(0,-0)
(0,-0)
(0,-0)
(0,-0)
(0,-0)
(0,-0)
(0,-0)
(0,-0)
(0,-0)
(0,-0)
(0,-0)
(0,-0)
(0,-0)
(0,-0)
(0,-0)
(0,-0)
(0,-0)
(0,-0)
(0,-0)
(0,-0)
(0,-0)
(0,-0)
(0,-0)
(0,-0)
(0,-0)
(0,-0)
(0,-0)
(0,-0)
(0,-0)
(0,-0)
(0,-0)
(0,-0)
(0,-0)
(0,-0)
(0,-0)
(0,-0)
(0,-0)
(0,-0)
(0,-0)
(0,-0)
(0,-0)
(0,-0)
(0,-0)
(0,-0)
(0,-0)
(0,-0)
(0,-0)
(0,-0)
(0,-0)
(0,-0)
(0,-0)
(0,-0)
(0,-0)
(0,-0)
(0,-0)
(0,-0)
(0,-0)
(0,-0)
(0,-0)
(0,-0)
(0,-0)
(0,-0)
(0,-0)
(0,-0)
(0,-0)
(0,-0)
(0,-0)
(0,-0)
(0,-0)
(0,-0)
(0,-0)
(0,-0)
(0,-0)
(0,-0)
(0,-0)
(0,-0)
(0,-0)
(0,-0)
(0,-0)
(0,-0)
(0,-0)
(0,-0)
(0,-0)
(0,-0)
(0,-0)
(0,-0)
(0,-0)
(0,-0)
(0,-0)
(0,-0)
(0,-0)
(0,-0)
(0,-0)
(0,-0)
(0,-0)
(0,-0)
(0,-0)
(0,-0)
(0,-0)
(0,-0)
(0,-0)
(0,-0)

opy
256
(0,-0)
(0,-0)
(0,-0)
(0,-0)
(0,-0)
(0,-0)
(0,-0)
(0,-0)
(0,-0)
(0,-0)
(0,-0)
(0,-0)
(0,-0)
(0,-0)
(0,-0)
(0,-0)
(0,-0)
(0,-0)
(0,-0)
(0,-0)
(0,-0)
(0,-0)
(0,-0)
(0,-0)
(0,-0)
(0,-0)
(0,-0)
(0,-0)
(0,-0)
(0,-0)
(0,-0)
(0,-0)
(0,-0)
(0,-0)
(0,-0)
(0,-0)
(0,-0)
(0,-0)
(0,-0)
(0,-0)
(0,-0)
(0,-0)
(0,-0)
(0,-0)
(0,-0)
(0,-0)
(0,-0)
(0,-0)
(0,-0)
(0,-0)
(0,-0)
(0,-0)
(0,-0)
(0,-0)
(0,-0)
(0,-0)
(0,-0)
(0,-0)
(0,-0)
(0,-0)
(0,-0)
(0,-0)
(0,-0)
(0,-0)
(0,-0)
(0,-0)
(0,-0)
(0,-0)
(0,-0)
(0,-0)
(0,-0)
(0,-0)
(0,-0)
(0,-0)
(0,-0)
(0,-0)
(0,-0)
(0,-0)
(0,-0)
(0,-0)
(0,-0)
(0,-0)
(0,-0)
(0,-0)
(0,-0)
(0,-0)
(0,-0)
(0,-0)
(0,-0)
(0,-0)
(0,-0)
(0,-0)
(0,-0)
(0,-0)
(0,-0)
(0,-0)
(0,-0)
(0,-0)
(0,-0)
(0,-0)
(0,-0)
(0,-0)
(0,-0)
(0,-0)
(0,-0)
(0,-0)
(0,-0)
(0,-0)
(0,-0)
(0,-0)
(0,-0)
(0,-0)
(0,-0)
(0,-0)
(0,-0)
(0,-0)
(0,-0)
(0,-0)
(0,-0)
(0,-0)
(0,-0)
(0,-0)
(0,-0)
(0,-0)
(0,-0)
(0,-0)
(0,-0)
(0,-0)
(0,-0)
(0,-0)
(0,-0)
(0,-0)
(0,-0)
(0,-0)
(0,-0)
(0,-0)
(0,-0)
(0,-0)
(0,-0)
(0,-0)
(0,-0)
(0,-0)
(0,-0)
(0,-0)
(0,-0)
(0,-0)
(0,-0)
(0,-0)
(0,-0)
(0,-0)
(0,-0)
(0,-0)
(0,-0)
(0,-0)
(0,-0)
(0,-0)
(0,-0)
(0,-0)
(0,-0)
(0,-0)
(0,-0)
(0,-0)
(0,-0)
(0,-0)
(0,-0)
(0,-0)
(0,-0)
(0,-0)
(0,-0)
(0,-0)
(0,-0)
(0,-0)
(0,-0)
(0,-0)
(0,-0)
(0,-0)
(0,-0)
(0,-0)
(0,-0)
(0,-0)
(0,-0)
(0,-0)
(0,-0)
(0,-0)
(0,-0)
(0,-0)
(0,-0)
(0,-0)
(0,-0)
(0,-0)
(0,-0)
(0,-0)
(0,-0)
(0,-0)
(0,-0)
(0,-0)
(0,-0)
(0,-0)
(0,-0)
(0,-0)
(0,-0)
(0,-0)
(0,-0)
(0,-0)
(0,-0)
(0,-0)
(0,-0)
(0,-0)
(0,-0)
(0,-0)
(0,-0)
(0,-0)
(0,-0)
(0,-0)
(0,-0)
(0,-0)
(0,-0)
(0,-0)
(0,-0)
(0,-0)
(0,-0)
(0,-0)
(0,-0)
(0,-0)
(0,-0)
(0,-0)
(0,-0)
(0,-0)
(0,-0)
(0,-0)
(0,-0)
(0,-0)
(0,-0)
(0,-0)
(0,-0)
(0,-0)
(0,-0)
(0,-0)
(0,-0)
(0,-0)
(0,-0)
(0,-0)
(0,-0)
(0,-0)
(0,-0)
(0,-0)
(0,-0)
(0,-0)
(0,-0)
(0,-0)
(0,-0)
(0,-0)
(0,-0)
(0,-0)
(0,-0)
(0,-0)

#Mu: 1.59315
#NumOfElectrons: 512
#LocalChargeDensity
256
2
2
2
2
2
2
2
2
2
2
2
2
2
2
2
2
2
2
2
2
2
2
2
2
2
2
2
2
2
2
2
2
2
2
2
2
2
2
2
2
2
2
2
2
2
2
2
2
2
2
2
2
2
2
2
2
2
2
2
2
2
2
2
2
2
2
2
2
2
2
2
2
2
2
2
2
2
2
2
2
2
2
2
2
2
2
2
2
2
2
2
2
2
2
2
2
2
2
2
2
2
2
2
2
2
2
2
2
2
2
2
2
2
2
2
2
2
2
2
2
2
2
2
2
2
2
2
2
2
2
2
2
2
2
2
2
2
2
2
2
2
2
2
2
2
2
2
2
2
2
2
2
2
2
2
2
2
2
2
2
2
2
2
2
2
2
2
2
2
2
2
2
2
2
2
2
2
2
2
2
2
2
2
2
2
2
2
2
2
2
2
2
2
2
2
2
2
2
2
2
2
2
2
2
2
2
2
2
2
2
2
2
2
2
2
2
2
2
2
2
2
2
2
2
2
2
2
2
2
2
2
2
2
2
2
2
2
2
2
2
2
2
2
2
2
2
2
2
2
2
2
2
2
2
2
2
#nx
256
1
1
1
1
1
1
1
1
1
1
1
1
1
1
1
1
1
1
1
1
1
1
1
1
1
1
1
1
1
1
1
1
1
1
1
1
1
1
1
1
1
1
1
1
1
1
1
1
1
1
1
1
1
1
1
1
1
1
1
1
1
1
1
1
1
1
1
1
1
1
1
1
1
1
1
1
1
1
1
1
1
1
1
1
1
1
1
1
1
1
1
1
1
1
1
1
1
1
1
1
1
1
1
1
1
1
1
1
1
1
1
1
1
1
1
1
1
1
1
1
1
1
1
1
1
1
1
1
1
1
1
1
1
1
1
1
1
1
1
1
1
1
1
1
1
1
1
1
1
1
1
1
1
1
1
1
1
1
1
1
1
1
1
1
1
1
1
1
1
1
1
1
1
1
1
1
1
1
1
1
1
1
1
1
1
1
1
1
1
1
1
1
1
1
1
1
1
1
1
1
1
1
1
1
1
1
1
1
1
1
1
1
1
1
1
1
1
1
1
1
1
1
1
1
1
1
1
1
1
1
1
1
1
1
1
1
1
1
1
1
1
1
1
1
1
1
1
1
1
1
1
1
1
1
1
1
#ny
256
1
1
1
1
1
1
1
1
1
1
1
1
1
1
1
1
1
1
1
1
1
1
1
1
1
1
1
1
1
1
1
1
1
1
1
1
1
1
1
1
1
1
1
1
1
1
1
1
1
1
1
1
1
1
1
1
1
1
1
1
1
1
1
1
1
1
1
1
1
1
1
1
1
1
1
1
1
1
1
1
1
1
1
1
1
1
1
1
1
1
1
1
1
1
1
1
1
1
1
1
1
1
1
1
1
1
1
1
1
1
1
1
1
1
1
1
1
1
1
1
1
1
1
1
1
1
1
1
1
1
1
1
1
1
1
1
1
1
1
1
1
1
1
1
1
1
1
1
1
1
1
1
1
1
1
1
1
1
1
1
1
1
1
1
1
1
1
1
1
1
1
1
1
1
1
1
1
1
1
1
1
1
1
1
1
1
1
1
1
1
1
1
1
1
1
1
1
1
1
1
1
1
1
1
1
1
1
1
1
1
1
1
1
1
1
1
1
1
1
1
1
1
1
1
1
1
1
1
1
1
1
1
1
1
1
1
1
1
1
1
1
1
1
1
1
1
1
1
1
1
1
1
1
1
1
1
#MagneticMoment
256
#mx
256
6.66134e-16
3.33067e-16
2.22045e-16
2.22045e-16
1.11022e-15
1.11022e-15
8.88178e-16
0
3.33067e-16
1.22125e-15
1.33227e-15
4.44089e-16
0
1.66533e-15
1.11022e-15
6.66134e-16
2.22045e-16
1.11022e-16
2.22045e-16
1.22125e-15
6.66134e-16
2.22045e-16
6.66134e-16
5.55112e-16
1.11022e-16
7.77156e-16
4.44089e-16
0
7.77156e-16
3.33067e-16
7.77156e-16
4.44089e-16
1.22125e-15
9.99201e-16
1.55431e-15
1.22125e-15
4.44089e-16
9.99201e-16
5.55112e-16
1.11022e-16
4.44089e-16
9.99201e-16
1.11022e-15
2.22045e-16
4.44089e-16
0
4.44089e-16
1.22125e-15
1.77636e-15
2.22045e-15
5.55112e-16
1.11022e-16
5.55112e-16
1.66533e-15
1.33227e-15
3.33067e-16
0
3.33067e-16
6.66134e-16
6.66134e-16
0
8.88178e-16
5.55112e-16
2.22045e-16
1.11022e-16
6.66134e-16
6.66134e-16
6.66134e-16
1.22125e-15
1.11022e-15
6.66134e-16
5.55112e-16
5.55112e-16
4.44089e-16
0
0
1.22125e-15
5.55112e-16
7.77156e-16
5.55112e-16
9.99201e-16
6.66134e-16
2.22045e-16
3.33067e-16
7.77156e-16
8.88178e-16
8.88178e-16
7.77156e-16
0
4.44089e-16
1.11022e-16
8.88178e-16
4.44089e-16
1.11022e-15
7.77156e-16
6.66134e-16
4.44089e-16
3.33067e-16
1.11022e-16
3.33067e-16
6.66134e-16
4.44089e-16
6.66134e-16
6.66134e-16
0
7.77156e-16
0
4.44089e-16
2.22045e-16
3.33067e-16
2.22045e-16
1.11022e-15
1.22125e-15
3.33067e-16
1.22125e-15
0
7.77156e-16
6.66134e-16
9.99201e-16
0
4.44089e-16
1.33227e-15
3.33067e-16
0
1.11022e-15
4.44089e-16
1.88738e-15
1.11022e-15
5.55112e-16
4.44089e-16
2.22045e-16
4.44089e-16
1.11022e-15
4.44089e-16
1.22125e-15
1.11022e-16
0
2.22045e-16
2.22045e-16
4.44089e-16
6.66134e-16
4.44089e-16
4.44089e-16
2.22045e-16
2.22045e-16
0
0
9.99201e-16
8.88178e-16
0
5.55112e-16
2.22045e-16
2.22045e-16
0
5.55112e-16
1.11022e-16
4.44089e-16
2.22045e-16
1.44329e-15
3.33067e-16
5.55112e-16
1.77636e-15
2.22045e-16
8.88178e-16
5.55112e-16
5.55112e-16
2.10942e-15
4.44089e-16
7.77156e-16
2.22045e-16
4.44089e-16
5.55112e-16
2.22045e-16
1.33227e-15
6.66134e-16
5.55112e-16
4.44089e-16
1.9984e-15
1.55431e-15
6.66134e-16
0
2.22045e-15
1.9984e-15
4.44089e-16
8.88178e-16
5.55112e-16
3.33067e-16
1.11022e-15
9.99201e-16
1.33227e-15
4.44089e-16
2.22045e-16
6.66134e-16
1.9984e-15
5.55112e-16
5.55112e-16
0
1.77636e-15
1.11022e-16
0
3.33067e-16
6.66134e-16
3.33067e-16
1.11022e-16
1.66533e-15
2.22045e-16
1.9984e-15
9.99201e-16
0
2.22045e-16
3.33067e-16
1.11022e-16
2.22045e-16
2.22045e-16
6.66134e-16
2.22045e-16
2.22045e-16
7.77156e-16
1.55431e-15
7.77156e-16
5.55112e-16
7.77156e-16
1.33227e-15
3.33067e-16
3.33067e-16
3.33067e-16
1.44329e-15
1.33227e-15
5.55112e-16
1.77636e-15
7.77156e-16
1.11022e-15
1.22125e-15
5.55112e-16
4.44089e-16
1.88738e-15
3.33067e-16
2.22045e-16
8.88178e-16
2.22045e-16
8.88178e-16
2.22045e-16
1.22125e-15
2.22045e-16
4.44089e-16
1.55431e-15
4.44089e-16
5.55112e-16
9.99201e-16
1.88738e-15
1.44329e-15
1.33227e-15
7.77156e-16
7.77156e-16
3.33067e-16
8.88178e-16
#my
256
3.33067e-16
1.22125e-15
2.22045e-16
4.44089e-16
4.44089e-16
3.33067e-16
5.55112e-16
3.33067e-16
8.88178e-16
6.66134e-16
1.11022e-16
6.66134e-16
2.22045e-16
2.22045e-16
4.44089e-16
1.11022e-15
1.33227e-15
1.44329e-15
8.88178e-16
0
0
8.88178e-16
6.66134e-16
2.22045e-16
2.22045e-16
2.22045e-16
5.55112e-16
3.33067e-16
3.33067e-16
2.22045e-16
1.11022e-16
4.44089e-16
1.22125e-15
4.44089e-16
2.22045e-16
1.11022e-15
4.44089e-16
1.22125e-15
5.55112e-16
4.44089e-16
6.66134e-16
2.22045e-16
1.11022e-16
4.44089e-16
4.44089e-16
4.44089e-16
1.11022e-16
1.22125e-15
2.22045e-16
6.66134e-16
2.22045e-16
0
4.44089e-16
5.55112e-16
7.77156e-16
7.77156e-16
1.11022e-15
2.22045e-16
4.44089e-16
2.22045e-16
0
4.44089e-16
3.33067e-16
4.44089e-16
8.88178e-16
2.22045e-16
2.22045e-16
1.77636e-15
7.77156e-16
7.77156e-16
4.44089e-16
2.22045e-16
6.66134e-16
1.11022e-16
4.44089e-16
9.99201e-16
5.55112e-16
3.33067e-16
5.55112e-16
8.88178e-16
8.88178e-16
3.33067e-16
2.22045e-16
1.11022e-16
7.77156e-16
8.88178e-16
2.22045e-16
4.44089e-16
4.44089e-16
8.88178e-16
1.33227e-15
3.33067e-16
1.11022e-16
4.44089e-16
9.99201e-16
2.22045e-16
1.44329e-15
0
1.33227e-15
1.11022e-15
8.88178e-16
5.55112e-16
1.11022e-16
6.66134e-16
6.66134e-16
4.44089e-16
0
5.55112e-16
3.33067e-16
3.33067e-16
3.33067e-16
4.44089e-16
7.77156e-16
1.66533e-15
4.44089e-16
2.22045e-16
9.99201e-16
8.88178e-16
4.44089e-16
2.22045e-16
9.99201e-16
1.22125e-15
6.66134e-16
5.55112e-16
1.11022e-16
4.44089e-16
0
0
5.55112e-16
6.66134e-16
3.33067e-16
1.11022e-16
3.33067e-16
6.66134e-16
5.55112e-16
7.77156e-16
9.99201e-16
4.44089e-16
0
6.66134e-16
7.77156e-16
6.66134e-16
2.22045e-16
4.44089e-16
9.99201e-16
8.88178e-16
2.22045e-16
1.11022e-16
5.55112e-16
6.66134e-16
5.55112e-16
6.66134e-16
3.33067e-16
2.22045e-16
5.55112e-16
8.88178e-16
1.33227e-15
2.22045e-16
9.99201e-16
5.55112e-16
5.55112e-16
2.22045e-16
1.33227e-15
1.22125e-15
8.88178e-16
1.77636e-15
9.99201e-16
4.44089e-16
8.88178e-16
7.77156e-16
4.44089e-16
0
1.11022e-15
9.99201e-16
2.22045e-16
4.44089e-16
2.22045e-16
1.11022e-16
5.55112e-16
2.22045e-16
7.77156e-16
4.44089e-16
7.77156e-16
1.11022e-16
9.99201e-16
3.33067e-16
0
1.11022e-16
2.22045e-16
2.22045e-16
2.22045e-16
7.77156e-16
1.9984e-15
1.88738e-15
2.22045e-16
4.44089e-16
1.22125e-15
3.33067e-16
3.33067e-16
2.22045e-16
0
3.33067e-16
2.22045e-16
0
0
3.33067e-16
3.33067e-16
1.11022e-15
1.33227e-15
7.77156e-16
4.44089e-16
2.22045e-16
8.88178e-16
3.33067e-16
5.55112e-16
1.11022e-16
5.55112e-16
1.44329e-15
0
1.11022e-15
4.44089e-16
1.11022e-15
2.22045e-16
6.66134e-16
2.22045e-16
5.55112e-16
9.99201e-16
2.22045e-16
2.22045e-16
4.44089e-16
4.44089e-16
4.44089e-16
0
8.88178e-16
2.22045e-16
2.22045e-16
4.44089e-16
0
1.11022e-16
4.44089e-16
1.11022e-16
1.33227e-15
9.99201e-16
2.22045e-16
2.22045e-16
2.22045e-16
1.11022e-16
1.11022e-16
6.66134e-16
1.11022e-15
9.99201e-16
1.11022e-16
6.66134e-16
1.55431e-15
2.22045e-16
2.22045e-16
#thetaX
256
3.14159
0
0
3.14159
3.14159
3.14159
3.14159
nan
0
3.14159
3.14159
0
nan
0
3.14159
0
0
3.14159
3.14159
3.14159
3.14159
0
3.14159
0
3.14159
3.14159
0
nan
3.14159
0
3.14159
0
0
3.14159
3.14159
3.14159
3.14159
0
0
3.14159
0
3.14159
0
0
0
nan
0
3.14159
0
3.14159
3.14159
3.14159
0
0
0
3.14159
nan
3.14159
0
3.14159
nan
3.14159
0
3.14159
0
3.14159
3.14159
0
0
0
3.14159
3.14159
3.14159
3.14159
nan
nan
3.14159
0
3.14159
0
3.14159
3.14159
3.14159
0
0
0
3.14159
0
nan
3.14159
3.14159
3.14159
3.14159
0
3.14159
0
0
3.14159
0
0
3.14159
3.14159
3.14159
3.14159
nan
3.14159
nan
3.14159
0
0
0
3.14159
0
3.14159
0
nan
3.14159
3.14159
3.14159
nan
3.14159
3.14159
3.14159
nan
0
0
0
3.14159
3.14159
3.14159
0
3.14159
3.14159
3.14159
3.14159
3.14159
nan
0
3.14159
0
0
0
3.14159
0
0
nan
nan
3.14159
3.14159
nan
0
3.14159
0
nan
3.14159
3.14159
0
0
3.14159
0
0
3.14159
3.14159
3.14159
0
0
0
3.14159
0
3.14159
0
3.14159
3.14159
3.14159
3.14159
0
0
3.14159
3.14159
3.14159
nan
0
0
3.14159
0
3.14159
0
3.14159
3.14159
3.14159
3.14159
3.14159
3.14159
3.14159
3.14159
0
nan
0
0
nan
3.14159
3.14159
3.14159
3.14159
3.14159
3.14159
3.14159
0
nan
0
3.14159
3.14159
3.14159
3.14159
3.14159
0
0
3.14159
3.14159
3.14159
3.14159
0
3.14159
0
3.14159
3.14159
0
0
3.14159
3.14159
3.14159
3.14159
0
3.14159
3.14159
3.14159
0
0
0
3.14159
3.14159
0
0
0
3.14159
3.14159
3.14159
3.14159
0
3.14159
3.14159
3.14159
0
0
0
3.14159
#thetaY
256
3.14159
3.14159
0
3.14159
3.14159
3.14159
3.14159
0
3.14159
3.14159
3.14159
3.14159
3.14159
3.14159
0
3.14159
3.14159
3.14159
3.14159
nan
nan
3.14159
3.14159
3.14159
3.14159
3.14159
0
0
0
3.14159
3.14159
3.14159
3.14159
3.14159
3.14159
0
3.14159
3.14159
3.14159
0
3.14159
0
0
0
3.14159
3.14159
0
3.14159
3.14159
0
3.14159
nan
3.14159
3.14159
3.14159
3.14159
3.14159
0
3.14159
3.14159
nan
0
0
3.14159
0
3.14159
3.14159
3.14159
3.14159
3.14159
3.14159
3.14159
3.14159
3.14159
3.14159
3.14159
3.14159
3.14159
0
0
0
0
0
3.14159
3.14159
3.14159
3.14159
3.14159
0
3.14159
3.14159
3.14159
0
3.14159
0
3.14159
0
nan
3.14159
3.14159
3.14159
0
0
3.14159
3.14159
0
nan
3.14159
3.14159
3.14159
0
0
3.14159
3.14159
0
0
3.14159
3.14159
3.14159
3.14159
3.14159
3.14159
3.14159
3.14159
3.14159
3.14159
nan
nan
0
0
3.14159
3.14159
3.14159
0
0
3.14159
3.14159
0
nan
3.14159
3.14159
3.14159
0
0
0
0
0
0
3.14159
3.14159
0
0
0
3.14159
0
3.14159
3.14159
3.14159
0
3.14159
3.14159
0
3.14159
3.14159
3.14159
3.14159
3.14159
3.14159
3.14159
3.14159
3.14159
nan
3.14159
3.14159
0
3.14159
0
3.14159
3.14159
3.14159
0
3.14159
3.14159
0
3.14159
0
nan
0
0
0
3.14159
3.14159
3.14159
3.14159
3.14159
0
0
3.14159
3.14159
0
nan
3.14159
3.14159
nan
nan
0
3.14159
3.14159
3.14159
3.14159
0
3.14159
0
3.14159
0
3.14159
3.14159
3.14159
nan
0
3.14159
3.14159
3.14159
3.14159
0
0
0
3.14159
0
3.14159
3.14159
0
nan
0
0
3.14159
3.14159
nan
3.14159
3.14159
3.14159
3.14159
3.14159
0
0
3.14159
3.14159
3.14159
3.14159
3.14159
3.14159
0
3.14159
3.14159
3.14159
0
#phiX
256
1.5708
nan
nan
1.5708
1.5708
1.5708
1.5708
nan
nan
1.5708
1.5708
nan
nan
nan
1.5708
nan
nan
1.5708
1.5708
1.5708
1.5708
nan
1.5708
nan
1.5708
1.5708
nan
nan
1.5708
nan
1.5708
nan
nan
1.5708
1.5708
1.5708
1.5708
nan
nan
1.5708
nan
1.5708
nan
nan
nan
nan
nan
1.5708
nan
1.5708
1.5708
1.5708
nan
nan
nan
1.5708
nan
1.5708
nan
1.5708
nan
1.5708
nan
1.5708
nan
1.5708
1.5708
nan
nan
nan
1.5708
1.5708
1.5708
1.5708
nan
nan
1.5708
nan
1.5708
nan
1.5708
1.5708
1.5708
nan
nan
nan
1.5708
nan
nan
1.5708
1.5708
1.5708
1.5708
nan
1.5708
nan
nan
1.5708
nan
nan
1.5708
1.5708
1.5708
1.5708
nan
1.5708
nan
1.5708
nan
nan
nan
1.5708
nan
1.5708
nan
nan
1.5708
1.5708
1.5708
nan
1.5708
1.5708
1.5708
nan
nan
nan
nan
1.5708
1.5708
1.5708
nan
1.5708
1.5708
1.5708
1.5708
1.5708
nan
nan
1.5708
nan
nan
nan
1.5708
nan
nan
nan
nan
1.5708
1.5708
nan
nan
1.5708
nan
nan
1.5708
1.5708
nan
nan
1.5708
nan
nan
1.5708
1.5708
1.5708
nan
nan
nan
1.5708
nan
1.5708
nan
1.5708
1.5708
1.5708
1.5708
nan
nan
1.5708
1.5708
1.5708
nan
nan
nan
1.5708
nan
1.5708
nan
1.5708
1.5708
1.5708
1.5708
1.5708
1.5708
1.5708
1.5708
nan
nan
nan
nan
nan
1.5708
1.5708
1.5708
1.5708
1.5708
1.5708
1.5708
nan
nan
nan
1.5708
1.5708
1.5708
1.5708
1.5708
nan
nan
1.5708
1.5708
1.5708
1.5708
nan
1.5708
nan
1.5708
1.5708
nan
nan
1.5708
1.5708
1.5708
1.5708
nan
1.5708
1.5708
1.5708
nan
nan
nan
1.5708
1.5708
nan
nan
nan
1.5708
1.5708
1.5708
1.5708
nan
1.5708
1.5708
1.5708
nan
nan
nan
1.5708
#phiY
256
1.5708
1.5708
nan
1.5708
1.5708
1.5708
1.5708
nan
1.5708
1.5708
1.5708
1.5708
1.5708
1.5708
nan
1.5708
1.5708
1.5708
1.5708
nan
nan
1.5708
1.5708
1.5708
1.5708
1.5708
nan
nan
nan
1.5708
1.5708
1.5708
1.5708
1.5708
1.5708
nan
1.5708
1.5708
1.5708
nan
1.5708
nan
nan
nan
1.5708
1.5708
nan
1.5708
1.5708
nan
1.5708
nan
1.5708
1.5708
1.5708
1.5708
1.5708
nan
1.5708
1.5708
nan
nan
nan
1.5708
nan
1.5708
1.5708
1.5708
1.5708
1.5708
1.5708
1.5708
1.5708
1.5708
1.5708
1.5708
1.5708
1.5708
nan
nan
nan
nan
nan
1.5708
1.5708
1.5708
1.5708
1.5708
nan
1.5708
1.5708
1.5708
nan
1.5708
nan
1.5708
nan
nan
1.5708
1.5708
1.5708
nan
nan
1.5708
1.5708
nan
nan
1.5708
1.5708
1.5708
nan
nan
1.5708
1.5708
nan
nan
1.5708
1.5708
1.5708
1.5708
1.5708
1.5708
1.5708
1.5708
1.5708
1.5708
nan
nan
nan
nan
1.5708
1.5708
1.5708
nan
nan
1.5708
1.5708
nan
nan
1.5708
1.5708
1.5708
nan
nan
nan
nan
nan
nan
1.5708
1.5708
nan
nan
nan
1.5708
nan
1.5708
1.5708
1.5708
nan
1.5708
1.5708
nan
1.5708
1.5708
1.5708
1.5708
1.5708
1.5708
1.5708
1.5708
1.5708
nan
1.5708
1.5708
nan
1.5708
nan
1.5708
1.5708
1.5708
nan
1.5708
1.5708
nan
1.5708
nan
nan
nan
nan
nan
1.5708
1.5708
1.5708
1.5708
1.5708
nan
nan
1.5708
1.5708
nan
nan
1.5708
1.5708
nan
nan
nan
1.5708
1.5708
1.5708
1.5708
nan
1.5708
nan
1.5708
nan
1.5708
1.5708
1.5708
nan
nan
1.5708
1.5708
1.5708
1.5708
nan
nan
nan
1.5708
nan
1.5708
1.5708
nan
nan
nan
nan
1.5708
1.5708
nan
1.5708
1.5708
1.5708
1.5708
1.5708
nan
nan
1.5708
1.5708
1.5708
1.5708
1.5708
1.5708
nan
1.5708
1.5708
1.5708
nan
#DOS
-1 -1 -0 0.00690485
-1 -0.875 -0 0.0090386
-1 -0.75 -0 0.0524162
-1 -0.625 -0 0.0202918
-1 -0.5 -0 0.0212759
-1 -0.375 -0 0.0906551
-1 -0.25 -0 51.8639
-1 -0.125 -0 0.243463
-1 0 -0 0.129527
-1 0.125 -0 0.243463
-1 0.25 -0 51.8639
-1 0.375 -0 0.0906551
-1 0.5 -0 0.0212759
-1 0.625 -0 0.0202918
-1 0.75 -0 0.0524162
-1 0.875 -0 0.0090386

-0.875 -1 -0 0.0090386
-0.875 -0.875 -0 0.0143154
-0.875 -0.75 -0 3.90955
-0.875 -0.625 -0 0.0133578
-0.875 -0.5 -0 0.0158488
-0.875 -0.375 -0 0.0554368
-0.875 -0.25 -0 1.54986
-0.875 -0.125 -0 0.426764
-0.875 0 -0 0.181245
-0.875 0.125 -0 0.426764
-0.875 0.25 -0 1.54986
-0.875 0.375 -0 0.0554368
-0.875 0.5 -0 0.0158488
-0.875 0.625 -0 0.0133578
-0.875 0.75 -0 3.90955
-0.875 0.875 -0 0.0143154

-0.75 -1 -0 0.0524162
-0.75 -0.875 -0 3.90955
-0.75 -0.75 -0 0.0186548
-0.75 -0.625 -0 0.00778037
-0.75 -0.5 -0 0.00972827
-0.75 -0.375 -0 0.023565
-0.75 -0.25 -0 0.141031
-0.75 -0.125 -0 51.8915
-0.75 0 -0 0.78993
-0.75 0.125 -0 51.8915
-0.75 0.25 -0 0.141031
-0.75 0.375 -0 0.023565
-0.75 0.5 -0 0.00972827
-0.75 0.625 -0 0.00778037
-0.75 0.75 -0 0.0186548
-0.75 0.875 -0 3.90955

-0.625 -1 -0 0.0202918
-0.625 -0.875 -0 0.0133578
-0.625 -0.75 -0 0.00778037
-0.625 -0.625 -0 0.00623133
-0.625 -0.5 -0 0.00717504
-0.625 -0.375 -0 0.0124407
-0.625 -0.25 -0 0.0372235
-0.625 -0.125 -0 0.257104
-0.625 0 -0 1.95342
-0.625 0.125 -0 0.257104
-0.625 0.25 -0 0.0372235
-0.625 0.375 -0 0.0124407
-0.625 0.5 -0 0.00717504
-0.625 0.625 -0 0.00623133
-0.625 0.75 -0 0.00778037
-0.625 0.875 -0 0.0133578

-0.5 -1 -0 0.0212759
-0.5 -0.875 -0 0.0158488
-0.5 -0.75 -0 0.00972827
-0.5 -0.625 -0 0.00717504
-0.5 -0.5 -0 0.00692813
-0.5 -0.375 -0 0.00908883
-0.5 -0.25 -0 0.0175113
-0.5 -0.125 -0 0.0528467
-0.5 0 -0 0.121891
-0.5 0.125 -0 0.0528467
-0.5 0.25 -0 0.0175113
-0.5 0.375 -0 0.00908883
-0.5 0.5 -0 0.00692813
-0.5 0.625 -0 0.00717504
-0.5 0.75 -0 0.00972827
-0.5 0.875 -0 0.0158488

-0.375 -1 -0 0.0906551
-0.375 -0.875 -0 0.0554368
-0.375 -0.75 -0 0.023565
-0.375 -0.625 -0 0.0124407
-0.375 -0.5 -0 0.00908883
-0.375 -0.375 -0 0.00915866
-0.375 -0.25 -0 0.0128759
-0.375 -0.125 -0 0.0254458
-0.375 0 -0 0.0437562
-0.375 0.125 -0 0.0254458
-0.375 0.25 -0 0.0128759
-0.375 0.375 -0 0.00915866
-0.375 0.5 -0 0.00908883
-0.375 0.625 -0 0.0124407
-0.375 0.75 -0 0.023565
-0.375 0.875 -0 0.0554368

-0.25 -1 -0 51.8639
-0.25 -0.875 -0 1.54986
-0.25 -0.75 -0 0.141031
-0.25 -0.625 -0 0.0372235
-0.25 -0.5 -0 0.0175113
-0.25 -0.375 -0 0.0128759
-0.25 -0.25 -0 0.0153761
-0.25 -0.125 -0 0.0385077
-0.25 0 -0 0.163436
-0.25 0.125 -0 0.0385077
-0.25 0.25 -0 0.0153761
-0.25 0.375 -0 0.0128759
-0.25 0.5 -0 0.0175113
-0.25 0.625 -0 0.0372235
-0.25 0.75 -0 0.141031
-0.25 0.875 -0 1.54986

-0.125 -1 -0 0.243463
-0.125 -0.875 -0 0.426764
-0.125 -0.75 -0 51.8915
-0.125 -0.625 -0 0.257104
-0.125 -0.5 -0 0.0528467
-0.125 -0.375 -0 0.0254458
-0.125 -0.25 -0 0.0385077
-0.125 -0.125 -0 0.315836
-0.125 0 -0 0.0468045
-0.125 0.125 -0 0.315836
-0.125 0.25 -0 0.0385077
-0.125 0.375 -0 0.0254458
-0.125 0.5 -0 0.0528467
-0.125 0.625 -0 0.257104
-0.125 0.75 -0 51.8915
-0.125 0.875 -0 0.426764

0 -1 -0 0.129527
0 -0.875 -0 0.181245
0 -0.75 -0 0.78993
0 -0.625 -0 1.95342
0 -0.5 -0 0.121891
0 -0.375 -0 0.0437562
0 -0.25 -0 0.163436
0 -0.125 -0 0.0468045
0 0 -0 0.0274615
0 0.125 -0 0.0468045
0 0.25 -0 0.163436
0 0.375 -0 0.0437562
0 0.5 -0 0.121891
0 0.625 -0 1.95342
0 0.75 -0 0.78993
0 0.875 -0 0.181245

0.125 -1 -0 0.243463
0.125 -0.875 -0 0.426764
0.125 -0.75 -0 51.8915
0.125 -0.625 -0 0.257104
0.125 -0.5 -0 0.0528467
0.125 -0.375 -0 0.0254458
0.125 -0.25 -0 0.0385077
0.125 -0.125 -0 0.315836
0.125 0 -0 0.0468045
0.125 0.125 -0 0.315836
0.125 0.25 -0 0.0385077
0.125 0.375 -0 0.0254458
0.125 0.5 -0 0.0528467
0.125 0.625 -0 0.257104
0.125 0.75 -0 51.8915
0.125 0.875 -0 0.426764

0.25 -1 -0 51.8639
0.25 -0.875 -0 1.54986
0.25 -0.75 -0 0.141031
0.25 -0.625 -0 0.0372235
0.25 -0.5 -0 0.0175113
0.25 -0.375 -0 0.0128759
0.25 -0.25 -0 0.0153761
0.25 -0.125 -0 0.0385077
0.25 0 -0 0.163436
0.25 0.125 -0 0.0385077
0.25 0.25 -0 0.0153761
0.25 0.375 -0 0.0128759
0.25 0.5 -0 0.0175113
0.25 0.625 -0 0.0372235
0.25 0.75 -0 0.141031
0.25 0.875 -0 1.54986

0.375 -1 -0 0.0906551
0.375 -0.875 -0 0.0554368
0.375 -0.75 -0 0.023565
0.375 -0.625 -0 0.0124407
0.375 -0.5 -0 0.00908883
0.375 -0.375 -0 0.00915866
0.375 -0.25 -0 0.0128759
0.375 -0.125 -0 0.0254458
0.375 0 -0 0.0437562
0.375 0.125 -0 0.0254458
0.375 0.25 -0 0.0128759
0.375 0.375 -0 0.00915866
0.375 0.5 -0 0.00908883
0.375 0.625 -0 0.0124407
0.375 0.75 -0 0.023565
0.375 0.875 -0 0.0554368

0.5 -1 -0 0.0212759
0.5 -0.875 -0 0.0158488
0.5 -0.75 -0 0.00972827
0.5 -0.625 -0 0.00717504
0.5 -0.5 -0 0.00692813
0.5 -0.375 -0 0.00908883
0.5 -0.25 -0 0.0175113
0.5 -0.125 -0 0.0528467
0.5 0 -0 0.121891
0.5 0.125 -0 0.0528467
0.5 0.25 -0 0.0175113
0.5 0.375 -0 0.00908883
0.5 0.5 -0 0.00692813
0.5 0.625 -0 0.00717504
0.5 0.75 -0 0.00972827
0.5 0.875 -0 0.0158488

0.625 -1 -0 0.0202918
0.625 -0.875 -0 0.0133578
0.625 -0.75 -0 0.00778037
0.625 -0.625 -0 0.00623133
0.625 -0.5 -0 0.00717504
0.625 -0.375 -0 0.0124407
0.625 -0.25 -0 0.0372235
0.625 -0.125 -0 0.257104
0.625 0 -0 1.95342
0.625 0.125 -0 0.257104
0.625 0.25 -0 0.0372235
0.625 0.375 -0 0.0124407
0.625 0.5 -0 0.00717504
0.625 0.625 -0 0.00623133
0.625 0.75 -0 0.00778037
0.625 0.875 -0 0.0133578

0.75 -1 -0 0.0524162
0.75 -0.875 -0 3.90955
0.75 -0.75 -0 0.0186548
0.75 -0.625 -0 0.00778037
0.75 -0.5 -0 0.00972827
0.75 -0.375 -0 0.023565
0.75 -0.25 -0 0.141031
0.75 -0.125 -0 51.8915
0.75 0 -0 0.78993
0.75 0.125 -0 51.8915
0.75 0.25 -0 0.141031
0.75 0.375 -0 0.023565
0.75 0.5 -0 0.00972827
0.75 0.625 -0 0.00778037
0.75 0.75 -0 0.0186548
0.75 0.875 -0 3.90955

0.875 -1 -0 0.0090386
0.875 -0.875 -0 0.0143154
0.875 -0.75 -0 3.90955
0.875 -0.625 -0 0.0133578
0.875 -0.5 -0 0.0158488
0.875 -0.375 -0 0.0554368
0.875 -0.25 -0 1.54986
0.875 -0.125 -0 0.426764
0.875 0 -0 0.181245
0.875 0.125 -0 0.426764
0.875 0.25 -0 1.54986
0.875 0.375 -0 0.0554368
0.875 0.5 -0 0.0158488
0.875 0.625 -0 0.0133578
0.875 0.75 -0 3.90955
0.875 0.875 -0 0.0143154


#StopTime= Wed Jun 27 00:10:19 2012
#EOF
