#DOS
-9.51918 0.000171661
-9.51318 0.000183105
-9.50718 0.000167847
-9.50117 0.000167847
-9.49517 0.000137329
-9.48917 0.000160217
-9.48316 0.000183105
-9.47716 0.000175476
-9.47116 0.000144958
-9.46515 0.000183105
-9.45915 0.000190735
-9.45315 0.000175476
-9.44715 0.000160217
-9.44114 0.000144958
-9.43514 0.000160217
-9.42914 0.000221252
-9.42313 0.000114441
-9.41713 0.000236511
-9.41113 0.00012207
-9.40512 0.000183105
-9.39912 0.000167847
-9.39312 0.000152588
-9.38712 0.000183105
-9.38111 0.000137329
-9.37511 0.000244141
-9.36911 0.000152588
-9.3631 0.0001297
-9.3571 0.000205994
-9.3511 0.000152588
-9.34509 0.000183105
-9.33909 0.000183105
-9.33309 0.000137329
-9.32708 0.000160217
-9.32108 0.000205994
-9.31508 0.000152588
-9.30908 0.000160217
-9.30307 0.000205994
-9.29707 0.000137329
-9.29107 0.000175476
-9.28506 0.000190735
-9.27906 0.000183105
-9.27306 0.000137329
-9.26705 0.000190735
-9.26105 0.000205994
-9.25505 0.00012207
-9.24905 0.000221252
-9.24304 0.000144958
-9.23704 0.000198364
-9.23104 0.000175476
-9.22503 0.00012207
-9.21903 0.000236511
-9.21303 0.00012207
-9.20702 0.000205994
-9.20102 0.000183105
-9.19502 0.000144958
-9.18902 0.000213623
-9.18301 0.000144958
-9.17701 0.000152588
-9.17101 0.000205994
-9.165 0.000167847
-9.159 0.000175476
-9.153 0.000183105
-9.14699 0.000160217
-9.14099 0.000152588
-9.13499 0.000267029
-9.12899 9.15527e-05
-9.12298 0.000190735
-9.11698 0.000183105
-9.11098 0.000190735
-9.10497 0.000152588
-9.09897 0.000183105
-9.09297 0.000175476
-9.08696 0.000205994
-9.08096 0.000167847
-9.07496 0.000137329
-9.06896 0.000137329
-9.06295 0.000221252
-9.05695 0.000190735
-9.05095 0.000167847
-9.04494 0.000183105
-9.03894 0.000160217
-9.03294 0.000175476
-9.02693 0.000244141
-9.02093 0.000137329
-9.01493 0.000152588
-9.00893 0.000190735
-9.00292 0.000236511
-8.99692 0.000152588
-8.99092 0.000167847
-8.98491 0.000152588
-8.97891 0.000144958
-8.97291 0.000205994
-8.9669 0.000244141
-8.9609 0.000106812
-8.9549 0.000152588
-8.9489 0.000190735
-8.94289 0.00025177
-8.93689 0.000183105
-8.93089 0.000152588
-8.92488 0.000167847
-8.91888 0.000167847
-8.91288 0.000152588
-8.90687 0.000274658
-8.90087 0.000152588
-8.89487 0.000137329
-8.88887 0.000167847
-8.88286 0.000244141
-8.87686 0.000198364
-8.87086 0.00012207
-8.86485 0.000183105
-8.85885 0.000183105
-8.85285 0.000175476
-8.84684 0.000175476
-8.84084 0.000228882
-8.83484 0.000183105
-8.82884 0.000106812
-8.82283 0.000205994
-8.81683 0.000213623
-8.81083 0.000175476
-8.80482 0.000183105
-8.79882 0.000183105
-8.79282 0.000183105
-8.78681 0.000160217
-8.78081 0.000190735
-8.77481 0.000228882
-8.76881 0.000167847
-8.7628 0.000167847
-8.7568 9.91821e-05
-8.7508 0.000289917
-8.74479 0.000160217
-8.73879 0.000167847
-8.73279 0.000198364
-8.72678 0.000198364
-8.72078 0.000190735
-8.71478 0.000167847
-8.70878 0.000114441
-8.70277 0.000305176
-8.69677 0.000183105
-8.69077 0.000106812
-8.68476 0.000190735
-8.67876 0.000198364
-8.67276 0.000183105
-8.66675 0.000190735
-8.66075 0.000167847
-8.65475 0.000213623
-8.64875 0.000205994
-8.64274 0.000152588
-8.63674 0.000167847
-8.63074 0.000205994
-8.62473 0.000228882
-8.61873 0.00012207
-8.61273 0.000190735
-8.60672 0.000259399
-8.60072 0.000152588
-8.59472 0.00012207
-8.58872 0.000236511
-8.58271 0.000198364
-8.57671 0.000205994
-8.57071 0.000198364
-8.5647 0.000137329
-8.5587 0.000213623
-8.5527 0.000175476
-8.54669 0.000198364
-8.54069 0.000152588
-8.53469 0.000236511
-8.52869 0.000198364
-8.52268 0.000183105
-8.51668 0.000137329
-8.51068 0.000221252
-8.50467 0.000198364
-8.49867 0.000205994
-8.49267 0.000198364
-8.48666 0.00012207
-8.48066 0.000228882
-8.47466 0.000198364
-8.46866 0.000160217
-8.46265 0.000183105
-8.45665 0.000236511
-8.45065 0.000213623
-8.44464 0.000183105
-8.43864 0.00012207
-8.43264 0.000183105
-8.42663 0.00025177
-8.42063 0.000205994
-8.41463 0.000228882
-8.40863 7.62939e-05
-8.40262 0.000274658
-8.39662 0.000183105
-8.39062 0.000137329
-8.38461 0.000175476
-8.37861 0.000282288
-8.37261 0.000213623
-8.3666 0.000183105
-8.3606 0.000167847
-8.3546 0.000152588
-8.3486 0.000198364
-8.34259 0.000190735
-8.33659 0.000267029
-8.33059 0.000167847
-8.32458 0.000213623
-8.31858 0.000183105
-8.31258 0.000183105
-8.30657 0.000137329
-8.30057 0.000137329
-8.29457 0.000335693
-8.28857 0.000213623
-8.28256 0.000137329
-8.27656 0.000213623
-8.27056 0.000167847
-8.26455 0.000167847
-8.25855 0.000213623
-8.25255 0.000244141
-8.24654 0.000152588
-8.24054 0.000289917
-8.23454 0.000167847
-8.22854 0.000167847
-8.22253 0.000137329
-8.21653 0.000183105
-8.21053 0.000236511
-8.20452 0.000282288
-8.19852 0.000198364
-8.19252 9.15527e-05
-8.18651 0.000289917
-8.18051 0.000152588
-8.17451 0.000167847
-8.16851 0.000190735
-8.1625 0.000221252
-8.1565 0.000228882
-8.1505 0.000244141
-8.14449 0.000183105
-8.13849 0.000106812
-8.13249 0.000259399
-8.12648 0.000137329
-8.12048 0.000236511
-8.11448 0.000221252
-8.10848 0.000228882
-8.10247 0.000198364
-8.09647 0.000213623
-8.09047 0.000167847
-8.08446 0.000167847
-8.07846 0.000175476
-8.07246 0.000274658
-8.06645 0.000205994
-8.06045 0.000198364
-8.05445 0.000198364
-8.04845 0.000152588
-8.04244 0.000259399
-8.03644 0.000198364
-8.03044 0.000175476
-8.02443 0.000183105
-8.01843 0.00025177
-8.01243 0.000228882
-8.00642 0.000167847
-8.00042 0.000198364
-7.99442 0.000198364
-7.98842 0.000175476
-7.98241 0.000274658
-7.97641 0.000183105
-7.97041 0.000175476
-7.9644 0.000244141
-7.9584 0.000213623
-7.9524 0.000183105
-7.94639 0.000198364
-7.94039 0.000221252
-7.93439 0.000152588
-7.92839 0.000259399
-7.92238 0.000183105
-7.91638 0.000221252
-7.91038 0.000213623
-7.90437 0.000167847
-7.89837 0.000244141
-7.89237 0.000205994
-7.88636 0.000228882
-7.88036 0.000167847
-7.87436 0.000183105
-7.86836 0.000267029
-7.86235 0.000213623
-7.85635 0.000167847
-7.85035 0.000167847
-7.84434 0.000312805
-7.83834 0.000183105
-7.83234 0.000213623
-7.82633 0.000213623
-7.82033 0.000152588
-7.81433 0.000236511
-7.80833 0.000228882
-7.80232 0.000213623
-7.79632 0.000236511
-7.79032 0.000183105
-7.78431 0.000228882
-7.77831 0.000198364
-7.77231 0.000167847
-7.7663 0.000236511
-7.7603 0.000167847
-7.7543 0.000259399
-7.7483 0.00025177
-7.74229 0.000198364
-7.73629 0.000244141
-7.73029 0.000137329
-7.72428 0.000228882
-7.71828 0.000198364
-7.71228 0.000175476
-7.70627 0.000244141
-7.70027 0.00025177
-7.69427 0.000228882
-7.68827 0.000274658
-7.68226 0.00012207
-7.67626 0.000244141
-7.67026 0.00012207
-7.66425 0.000213623
-7.65825 0.000282288
-7.65225 0.000175476
-7.64624 0.000274658
-7.64024 0.000228882
-7.63424 0.000213623
-7.62824 0.000244141
-7.62223 0.000137329
-7.61623 0.000213623
-7.61023 0.000152588
-7.60422 0.000297546
-7.59822 0.000297546
-7.59222 0.000198364
-7.58621 0.000213623
-7.58021 0.000198364
-7.57421 0.000228882
-7.56821 0.000213623
-7.5622 0.000167847
-7.5562 0.000213623
-7.5502 0.000213623
-7.54419 0.000335693
-7.53819 0.000228882
-7.53219 0.000152588
-7.52618 0.000213623
-7.52018 0.000244141
-7.51418 0.000167847
-7.50818 0.000198364
-7.50217 0.000198364
-7.49617 0.000320435
-7.49017 0.000198364
-7.48416 0.000305176
-7.47816 0.000198364
-7.47216 0.000167847
-7.46615 0.000213623
-7.46015 0.000259399
-7.45415 0.000137329
-7.44815 0.000198364
-7.44214 0.000320435
-7.43614 0.000259399
-7.43014 0.000213623
-7.42413 0.000259399
-7.41813 0.000183105
-7.41213 0.000228882
-7.40612 0.000167847
-7.40012 0.000228882
-7.39412 0.000190735
-7.38812 0.000236511
-7.38211 0.000289917
-7.37611 0.000259399
-7.37011 0.000213623
-7.3641 0.000259399
-7.3581 0.000167847
-7.3521 0.000213623
-7.34609 0.000167847
-7.34009 0.000297546
-7.33409 0.000198364
-7.32809 0.000267029
-7.32208 0.000274658
-7.31608 0.000183105
-7.31008 0.000213623
-7.30407 0.000274658
-7.29807 0.000167847
-7.29207 0.000198364
-7.28606 0.000221252
-7.28006 0.000289917
-7.27406 0.000221252
-7.26806 0.000320435
-7.26205 0.000183105
-7.25605 0.000213623
-7.25005 0.000213623
-7.24404 0.000289917
-7.23804 0.000152588
-7.23204 0.000221252
-7.22603 0.000244141
-7.22003 0.000289917
-7.21403 0.000221252
-7.20803 0.000305176
-7.20202 0.000213623
-7.19602 0.000152588
-7.19002 0.000228882
-7.18401 0.000289917
-7.17801 0.000205994
-7.17201 0.000213623
-7.166 0.000213623
-7.16 0.000320435
-7.154 0.000236511
-7.148 0.000289917
-7.14199 0.000213623
-7.13599 0.00012207
-7.12999 0.000289917
-7.12398 0.000236511
-7.11798 0.000259399
-7.11198 0.000198364
-7.10597 0.000228882
-7.09997 0.000289917
-7.09397 0.000267029
-7.08797 0.000228882
-7.08196 0.000198364
-7.07596 0.000228882
-7.06996 0.000289917
-7.06395 0.000282288
-7.05795 0.000198364
-7.05195 0.000183105
-7.04594 0.000274658
-7.03994 0.000236511
-7.03394 0.000244141
-7.02794 0.000259399
-7.02193 0.000228882
-7.01593 0.000213623
-7.00993 0.000358582
-7.00392 0.000228882
-6.99792 0.000228882
-6.99192 0.000167847
-6.98591 0.000274658
-6.97991 0.000205994
-6.97391 0.000289917
-6.96791 0.000213623
-6.9619 0.000274658
-6.9559 0.000282288
-6.9499 0.000274658
-6.94389 0.000244141
-6.93789 0.000213623
-6.93189 0.000198364
-6.92588 0.000274658
-6.91988 0.000183105
-6.91388 0.000328064
-6.90788 0.000244141
-6.90187 0.000213623
-6.89587 0.000343323
-6.88987 0.000259399
-6.88386 0.000213623
-6.87786 0.000213623
-6.87186 0.000259399
-6.86585 0.000244141
-6.85985 0.000152588
-6.85385 0.000343323
-6.84785 0.000213623
-6.84184 0.000343323
-6.83584 0.000289917
-6.82984 0.000259399
-6.82383 0.000183105
-6.81783 0.000259399
-6.81183 0.000213623
-6.80582 0.000289917
-6.79982 0.000167847
-6.79382 0.000297546
-6.78782 0.000228882
-6.78181 0.00037384
-6.77581 0.000274658
-6.76981 0.000274658
-6.7638 0.000198364
-6.7578 0.000289917
-6.7518 0.000213623
-6.74579 0.000228882
-6.73979 0.000167847
-6.73379 0.000328064
-6.72779 0.000343323
-6.72178 0.000320435
-6.71578 0.000244141
-6.70978 0.000228882
-6.70377 0.000259399
-6.69777 0.000244141
-6.69177 0.000259399
-6.68576 0.000213623
-6.67976 0.000183105
-6.67376 0.000274658
-6.66776 0.000366211
-6.66175 0.000320435
-6.65575 0.000259399
-6.64975 0.000244141
-6.64374 0.000320435
-6.63774 0.000198364
-6.63174 0.000244141
-6.62573 0.000228882
-6.61973 0.000213623
-6.61373 0.000259399
-6.60773 0.000366211
-6.60172 0.000320435
-6.59572 0.000244141
-6.58972 0.000350952
-6.58371 0.000228882
-6.57771 0.000244141
-6.57171 0.000228882
-6.5657 0.000183105
-6.5597 0.000305176
-6.5537 0.000228882
-6.5477 0.000358582
-6.54169 0.000328064
-6.53569 0.000274658
-6.52969 0.000335693
-6.52368 0.000228882
-6.51768 0.000274658
-6.51168 0.000183105
-6.50567 0.000320435
-6.49967 0.000198364
-6.49367 0.000236511
-6.48767 0.000305176
-6.48166 0.00037384
-6.47566 0.000305176
-6.46966 0.000289917
-6.46365 0.000259399
-6.45765 0.000259399
-6.45165 0.000259399
-6.44564 0.000289917
-6.43964 0.000198364
-6.43364 0.000221252
-6.42764 0.000396729
-6.42163 0.000274658
-6.41563 0.000282288
-6.40963 0.00038147
-6.40362 0.000259399
-6.39762 0.000289917
-6.39162 0.000274658
-6.38561 0.000244141
-6.37961 0.000198364
-6.37361 0.000282288
-6.36761 0.000366211
-6.3616 0.000228882
-6.3556 0.000320435
-6.3496 0.000328064
-6.34359 0.000335693
-6.33759 0.000244141
-6.33159 0.000289917
-6.32558 0.000259399
-6.31958 0.000289917
-6.31358 0.000244141
-6.30758 0.000343323
-6.30157 0.000259399
-6.29557 0.000289917
-6.28957 0.000274658
-6.28356 0.000389099
-6.27756 0.000274658
-6.27156 0.000320435
-6.26555 0.000259399
-6.25955 0.000274658
-6.25355 0.000198364
-6.24755 0.000419617
-6.24154 0.000259399
-6.23554 0.000305176
-6.22954 0.000244141
-6.22353 0.000259399
-6.21753 0.000465393
-6.21153 0.000274658
-6.20552 0.000259399
-6.19952 0.000320435
-6.19352 0.000259399
-6.18752 0.000297546
-6.18151 0.00038147
-6.17551 0.000259399
-6.16951 0.000335693
-6.1635 0.000259399
-6.1575 0.000183105
-6.1515 0.000465393
-6.14549 0.000335693
-6.13949 0.000213623
-6.13349 0.000350952
-6.12749 0.000282288
-6.12148 0.000335693
-6.11548 0.000396729
-6.10948 0.000183105
-6.10347 0.000289917
-6.09747 0.000305176
-6.09147 0.000244141
-6.08546 0.000419617
-6.07946 0.000320435
-6.07346 0.000244141
-6.06746 0.000450134
-6.06145 0.000305176
-6.05545 0.000335693
-6.04945 0.000305176
-6.04344 0.000259399
-6.03744 0.000305176
-6.03144 0.000244141
-6.02543 0.000259399
-6.01943 0.000465393
-6.01343 0.000244141
-6.00743 0.000335693
-6.00142 0.000480652
-5.99542 0.000259399
-5.98942 0.000366211
-5.98341 0.000320435
-5.97741 0.000259399
-5.97141 0.000289917
-5.9654 0.000228882
-5.9594 0.000320435
-5.9534 0.00037384
-5.9474 0.000335693
-5.94139 0.000450134
-5.93539 0.000396729
-5.92939 0.000335693
-5.92338 0.000274658
-5.91738 0.000320435
-5.91138 0.000335693
-5.90537 0.000213623
-5.89937 0.000228882
-5.89337 0.000320435
-5.88737 0.000328064
-5.88136 0.000480652
-5.87536 0.000442505
-5.86936 0.000411987
-5.86335 0.00038147
-5.85735 0.000259399
-5.85135 0.000366211
-5.84534 0.000259399
-5.83934 0.000213623
-5.83334 0.000244141
-5.82734 0.000320435
-5.82133 0.000244141
-5.81533 0.000686646
-5.80933 0.000518799
-5.80332 0.000320435
-5.79732 0.000335693
-5.79132 0.000305176
-5.78531 0.000274658
-5.77931 0.000320435
-5.77331 0.000228882
-5.76731 0.000305176
-5.7613 0.000198364
-5.7553 0.000389099
-5.7493 0.000740051
-5.74329 0.000457764
-5.73729 0.000366211
-5.73129 0.000274658
-5.72528 0.000396729
-5.71928 0.000244141
-5.71328 0.000228882
-5.70728 0.000305176
-5.70127 0.000259399
-5.69527 0.000198364
-5.68927 0.00063324
-5.68326 0.000724792
-5.67726 0.000427246
-5.67126 0.00038147
-5.66525 0.000305176
-5.65925 0.000244141
-5.65325 0.000259399
-5.64725 0.000274658
-5.64124 0.000259399
-5.63524 0.000183105
-5.62924 0.000701904
-5.62323 0.000389099
-5.61723 0.000457764
-5.61123 0.00075531
-5.60522 0.000289917
-5.59922 0.000259399
-5.59322 0.000274658
-5.58722 0.000259399
-5.58121 0.000213623
-5.57521 0.000274658
-5.56921 0.000518799
-5.5632 0.000602722
-5.5572 0.000274658
-5.5512 0.000686646
-5.54519 0.000556946
-5.53919 0.000320435
-5.53319 0.000259399
-5.52719 0.000198364
-5.52118 0.000228882
-5.51518 0.000442505
-5.50918 0.000473022
-5.50317 0.000411987
-5.49717 0.000511169
-5.49117 0.000549316
-5.48516 0.000396729
-5.47916 0.00038147
-5.47316 0.000404358
-5.46716 0.000198364
-5.46115 0.000488281
-5.45515 0.00038147
-5.44915 0.000366211
-5.44314 0.000427246
-5.43714 0.000724792
-5.43114 0.000305176
-5.42513 0.000320435
-5.41913 0.000320435
-5.41313 0.000549316
-5.40713 0.000587463
-5.40112 0.000274658
-5.39512 0.000335693
-5.38912 0.000534058
-5.38311 0.000396729
-5.37711 0.000442505
-5.37111 0.000465393
-5.3651 0.000549316
-5.3591 0.000305176
-5.3531 0.000350952
-5.34709 0.000350952
-5.34109 0.000595093
-5.33509 0.000572205
-5.32909 0.000274658
-5.32308 0.000640869
-5.31708 0.000411987
-5.31108 0.000396729
-5.30507 0.000450134
-5.29907 0.000457764
-5.29307 0.000457764
-5.28706 0.000473022
-5.28106 0.00050354
-5.27506 0.000396729
-5.26906 0.000473022
-5.26305 0.000419617
-5.25705 0.000595093
-5.25105 0.000457764
-5.24504 0.000656128
-5.23904 0.000450134
-5.23304 0.00038147
-5.22703 0.000335693
-5.22103 0.000595093
-5.21503 0.000488281
-5.20903 0.000579834
-5.20302 0.000457764
-5.19702 0.000518799
-5.19102 0.000434875
-5.18501 0.000579834
-5.17901 0.000701904
-5.17301 0.000495911
-5.167 0.000411987
-5.161 0.000350952
-5.155 0.000518799
-5.149 0.000656128
-5.14299 0.000534058
-5.13699 0.000442505
-5.13099 0.00050354
-5.12498 0.000785828
-5.11898 0.000640869
-5.11298 0.000602722
-5.10697 0.000366211
-5.10097 0.000488281
-5.09497 0.000747681
-5.08897 0.000488281
-5.08296 0.000442505
-5.07696 0.000564575
-5.07096 0.000717163
-5.06495 0.00062561
-5.05895 0.000457764
-5.05295 0.00087738
-5.04694 0.000740051
-5.04094 0.000488281
-5.03494 0.000534058
-5.02894 0.000747681
-5.02293 0.000549316
-5.01693 0.000564575
-5.01093 0.000793457
-5.00492 0.00050354
-4.99892 0.000869751
-4.99292 0.000686646
-4.98691 0.000686646
-4.98091 0.000976562
-4.97491 0.00062561
-4.96891 0.000854492
-4.9629 0.000762939
-4.9569 0.000717163
-4.9509 0.000900269
-4.94489 0.000915527
-4.93889 0.00111389
-4.93289 0.00115967
-4.92688 0.000976562
-4.92088 0.000991821
-4.91488 0.000923157
-4.90888 0.000831604
-4.90287 0.000793457
-4.89687 0.000701904
-4.89087 0.000717163
-4.88486 0.000701904
-4.87886 0.000701904
-4.87286 0.000701904
-4.86685 0.000701904
-4.86085 0.000671387
-4.85485 0.000686646
-4.84885 0.000701904
-4.84284 0.000724792
-4.83684 0.000663757
-4.83084 0.000579834
-4.82483 0.000556946
-4.81883 0.000602722
-4.81283 0.000671387
-4.80682 0.000495911
-4.80082 0.000663757
-4.79482 0.000640869
-4.78882 0.000610352
-4.78281 0.000610352
-4.77681 0.000579834
-4.77081 0.000587463
-4.7648 0.000572205
-4.7588 0.000595093
-4.7528 0.000480652
-4.74679 0.000511169
-4.74079 0.000564575
-4.73479 0.000610352
-4.72879 0.000526428
-4.72278 0.000549316
-4.71678 0.000549316
-4.71078 0.000549316
-4.70477 0.000534058
-4.69877 0.000617981
-4.69277 0.000495911
-4.68676 0.000480652
-4.68076 0.000564575
-4.67476 0.000488281
-4.66876 0.000480652
-4.66275 0.000427246
-4.65675 0.000617981
-4.65075 0.000541687
-4.64474 0.000473022
-4.63874 0.000488281
-4.63274 0.000495911
-4.62673 0.000457764
-4.62073 0.000579834
-4.61473 0.000488281
-4.60873 0.00050354
-4.60272 0.000488281
-4.59672 0.000419617
-4.59072 0.000457764
-4.58471 0.000610352
-4.57871 0.000366211
-4.57271 0.000534058
-4.5667 0.000427246
-4.5607 0.000526428
-4.5547 0.000396729
-4.5487 0.000579834
-4.54269 0.000442505
-4.53669 0.000457764
-4.53069 0.00050354
-4.52468 0.000404358
-4.51868 0.000495911
-4.51268 0.000442505
-4.50667 0.000404358
-4.50067 0.000457764
-4.49467 0.000442505
-4.48867 0.000442505
-4.48266 0.000556946
-4.47666 0.000358582
-4.47066 0.000610352
-4.46465 0.000328064
-4.45865 0.000457764
-4.45265 0.000450134
-4.44664 0.000427246
-4.44064 0.000434875
-4.43464 0.00038147
-4.42864 0.000396729
-4.42263 0.000511169
-4.41663 0.000473022
-4.41063 0.000320435
-4.40462 0.000556946
-4.39862 0.000434875
-4.39262 0.000411987
-4.38661 0.000434875
-4.38061 0.000411987
-4.37461 0.000419617
-4.36861 0.000411987
-4.3626 0.000305176
-4.3566 0.000488281
-4.3506 0.000389099
-4.34459 0.000411987
-4.33859 0.000427246
-4.33259 0.000541687
-4.32658 0.000343323
-4.32058 0.000450134
-4.31458 0.000411987
-4.30858 0.000450134
-4.30257 0.000320435
-4.29657 0.000366211
-4.29057 0.000366211
-4.28456 0.000473022
-4.27856 0.00037384
-4.27256 0.000350952
-4.26655 0.000427246
-4.26055 0.000534058
-4.25455 0.000480652
-4.24855 0.000274658
-4.24254 0.000427246
-4.23654 0.000289917
-4.23054 0.000480652
-4.22453 0.00038147
-4.21853 0.000320435
-4.21253 0.000366211
-4.20652 0.000450134
-4.20052 0.000350952
-4.19452 0.000442505
-4.18852 0.000419617
-4.18251 0.000465393
-4.17651 0.00037384
-4.17051 0.000320435
-4.1645 0.000366211
-4.1585 0.00037384
-4.1525 0.000274658
-4.14649 0.000488281
-4.14049 0.000350952
-4.13449 0.00038147
-4.12849 0.000335693
-4.12248 0.000518799
-4.11648 0.00038147
-4.11048 0.000358582
-4.10447 0.000389099
-4.09847 0.000320435
-4.09247 0.000366211
-4.08646 0.000289917
-4.08046 0.00050354
-4.07446 0.000198364
-4.06846 0.000427246
-4.06245 0.000450134
-4.05645 0.000389099
-4.05045 0.000328064
-4.04444 0.000427246
-4.03844 0.000358582
-4.03244 0.000366211
-4.02643 0.000289917
-4.02043 0.000427246
-4.01443 0.000350952
-4.00843 0.000282288
-4.00242 0.00038147
-3.99642 0.000427246
-3.99042 0.000350952
-3.98441 0.000320435
-3.97841 0.000427246
-3.97241 0.000305176
-3.9664 0.000389099
-3.9604 0.000442505
-3.9544 0.000228882
-3.9484 0.00037384
-3.94239 0.000320435
-3.93639 0.000358582
-3.93039 0.000350952
-3.92438 0.000312805
-3.91838 0.000473022
-3.91238 0.000305176
-3.90637 0.000350952
-3.90037 0.000289917
-3.89437 0.000457764
-3.88837 0.000320435
-3.88236 0.000305176
-3.87636 0.000358582
-3.87036 0.000335693
-3.86435 0.000289917
-3.85835 0.000434875
-3.85235 0.000335693
-3.84634 0.000366211
-3.84034 0.000259399
-3.83434 0.000335693
-3.82834 0.000434875
-3.82233 0.000274658
-3.81633 0.000366211
-3.81033 0.000350952
-3.80432 0.000320435
-3.79832 0.000335693
-3.79232 0.000358582
-3.78631 0.000335693
-3.78031 0.000350952
-3.77431 0.000259399
-3.76831 0.000366211
-3.7623 0.000297546
-3.7563 0.000358582
-3.7503 0.000335693
-3.74429 0.00037384
-3.73829 0.000335693
-3.73229 0.000350952
-3.72628 0.000358582
-3.72028 0.000305176
-3.71428 0.000244141
-3.70828 0.000305176
-3.70227 0.000350952
-3.69627 0.000350952
-3.69027 0.000305176
-3.68426 0.000335693
-3.67826 0.000289917
-3.67226 0.000419617
-3.66625 0.000366211
-3.66025 0.000389099
-3.65425 0.000244141
-3.64825 0.000274658
-3.64224 0.000335693
-3.63624 0.000259399
-3.63024 0.000427246
-3.62423 0.000198364
-3.61823 0.000366211
-3.61223 0.000289917
-3.60622 0.000320435
-3.60022 0.000442505
-3.59422 0.000366211
-3.58822 0.000305176
-3.58221 0.000228882
-3.57621 0.000244141
-3.57021 0.000335693
-3.5642 0.000427246
-3.5582 0.000213623
-3.5522 0.000244141
-3.54619 0.000320435
-3.54019 0.00038147
-3.53419 0.000305176
-3.52819 0.000419617
-3.52218 0.000282288
-3.51618 0.000289917
-3.51018 0.000335693
-3.50417 0.000198364
-3.49817 0.000343323
-3.49217 0.000358582
-3.48616 0.000244141
-3.48016 0.000274658
-3.47416 0.000320435
-3.46816 0.000442505
-3.46215 0.000236511
-3.45615 0.000350952
-3.45015 0.000312805
-3.44414 0.000289917
-3.43814 0.000289917
-3.43214 0.000282288
-3.42613 0.000289917
-3.42013 0.000358582
-3.41413 0.000228882
-3.40813 0.000244141
-3.40212 0.00038147
-3.39612 0.000404358
-3.39012 0.000244141
-3.38411 0.000274658
-3.37811 0.000335693
-3.37211 0.000343323
-3.3661 0.00025177
-3.3601 0.000274658
-3.3541 0.000289917
-3.3481 0.00025177
-3.34209 0.000320435
-3.33609 0.000320435
-3.33009 0.000328064
-3.32408 0.000289917
-3.31808 0.000335693
-3.31208 0.000274658
-3.30607 0.000289917
-3.30007 0.000328064
-3.29407 0.00025177
-3.28807 0.000335693
-3.28206 0.000213623
-3.27606 0.000297546
-3.27006 0.00038147
-3.26405 0.000267029
-3.25805 0.000305176
-3.25205 0.000228882
-3.24604 0.000305176
-3.24004 0.000305176
-3.23404 0.000335693
-3.22804 0.000289917
-3.22203 0.000244141
-3.21603 0.000320435
-3.21003 0.000274658
-3.20402 0.000312805
-3.19802 0.000282288
-3.19202 0.000259399
-3.18601 0.000305176
-3.18001 0.000228882
-3.17401 0.000335693
-3.16801 0.000213623
-3.162 0.000366211
-3.156 0.000366211
-3.15 0.000198364
-3.14399 0.000274658
-3.13799 0.000305176
-3.13199 0.000328064
-3.12598 0.000267029
-3.11998 0.000274658
-3.11398 0.000259399
-3.10798 0.000305176
-3.10197 0.000228882
-3.09597 0.000259399
-3.08997 0.000335693
-3.08396 0.000389099
-3.07796 0.000221252
-3.07196 0.000289917
-3.06595 0.000205994
-3.05995 0.000350952
-3.05395 0.000282288
-3.04795 0.000259399
-3.04194 0.000228882
-3.03594 0.000244141
-3.02994 0.000289917
-3.02393 0.000320435
-3.01793 0.000183105
-3.01193 0.000434875
-3.00592 0.000320435
-2.99992 0.000244141
-2.99392 0.000213623
-2.98792 0.000259399
-2.98191 0.000244141
-2.97591 0.00037384
-2.96991 0.000244141
-2.9639 0.000183105
-2.9579 0.000289917
-2.9519 0.000244141
-2.94589 0.000366211
-2.93989 0.000320435
-2.93389 0.000312805
-2.92789 0.000244141
-2.92188 0.000228882
-2.91588 0.000213623
-2.90988 0.000305176
-2.90387 0.000259399
-2.89787 0.000221252
-2.89187 0.000305176
-2.88586 0.000244141
-2.87986 0.000335693
-2.87386 0.000267029
-2.86786 0.000297546
-2.86185 0.000312805
-2.85585 0.000274658
-2.84985 0.000213623
-2.84384 0.000228882
-2.83784 0.000259399
-2.83184 0.000305176
-2.82583 0.000213623
-2.81983 0.000289917
-2.81383 0.000312805
-2.80783 0.000221252
-2.80182 0.000289917
-2.79582 0.000274658
-2.78982 0.000259399
-2.78381 0.000289917
-2.77781 0.000289917
-2.77181 0.000152588
-2.7658 0.000244141
-2.7598 0.000335693
-2.7538 0.000289917
-2.7478 0.000221252
-2.74179 0.000305176
-2.73579 0.000236511
-2.72979 0.000289917
-2.72378 0.000228882
-2.71778 0.000328064
-2.71178 0.000190735
-2.70577 0.000274658
-2.69977 0.000244141
-2.69377 0.000305176
-2.68777 0.000213623
-2.68176 0.000343323
-2.67576 0.000198364
-2.66976 0.000274658
-2.66375 0.000228882
-2.65775 0.000205994
-2.65175 0.000350952
-2.64574 0.000259399
-2.63974 0.000198364
-2.63374 0.000289917
-2.62774 0.000244141
-2.62173 0.000274658
-2.61573 0.000297546
-2.60973 0.000244141
-2.60372 0.000244141
-2.59772 0.000228882
-2.59172 0.000213623
-2.58571 0.000274658
-2.57971 0.000244141
-2.57371 0.000297546
-2.56771 0.000305176
-2.5617 0.000274658
-2.5557 0.000221252
-2.5497 0.000228882
-2.54369 0.000244141
-2.53769 0.000183105
-2.53169 0.000366211
-2.52568 0.000244141
-2.51968 0.000167847
-2.51368 0.000244141
-2.50768 0.000259399
-2.50167 0.000320435
-2.49567 0.000297546
-2.48967 0.000267029
-2.48366 0.000228882
-2.47766 0.000198364
-2.47166 0.000259399
-2.46565 0.000183105
-2.45965 0.000228882
-2.45365 0.000335693
-2.44765 0.000274658
-2.44164 0.000228882
-2.43564 0.000198364
-2.42964 0.000267029
-2.42363 0.000267029
-2.41763 0.000320435
-2.41163 0.000221252
-2.40562 0.000175476
-2.39962 0.000259399
-2.39362 0.000244141
-2.38762 0.000213623
-2.38161 0.000259399
-2.37561 0.000259399
-2.36961 0.000289917
-2.3636 0.00025177
-2.3576 0.000289917
-2.3516 0.000205994
-2.34559 0.000198364
-2.33959 0.000244141
-2.33359 0.000267029
-2.32759 0.000183105
-2.32158 0.000267029
-2.31558 0.000259399
-2.30958 0.000244141
-2.30357 0.000297546
-2.29757 0.000213623
-2.29157 0.000274658
-2.28556 0.000198364
-2.27956 0.000297546
-2.27356 0.000167847
-2.26756 0.000289917
-2.26155 0.000228882
-2.25555 0.000175476
-2.24955 0.000320435
-2.24354 0.00025177
-2.23754 0.000221252
-2.23154 0.000213623
-2.22553 0.000213623
-2.21953 0.000289917
-2.21353 0.000274658
-2.20753 0.000236511
-2.20152 0.000167847
-2.19552 0.000213623
-2.18952 0.000350952
-2.18351 0.000236511
-2.17751 0.000190735
-2.17151 0.000213623
-2.1655 0.000228882
-2.1595 0.000274658
-2.1535 0.00025177
-2.1475 0.000167847
-2.14149 0.000289917
-2.13549 0.00025177
-2.12949 0.000228882
-2.12348 0.000213623
-2.11748 0.000267029
-2.11148 0.000274658
-2.10547 0.000205994
-2.09947 0.000228882
-2.09347 0.000167847
-2.08747 0.000213623
-2.08146 0.000198364
-2.07546 0.000320435
-2.06946 0.000259399
-2.06345 0.000244141
-2.05745 0.000343323
-2.05145 9.15527e-05
-2.04544 0.000259399
-2.03944 0.000213623
-2.03344 0.000228882
-2.02744 0.000221252
-2.02143 0.000259399
-2.01543 0.000228882
-2.00943 0.000198364
-2.00342 0.000244141
-1.99742 0.000282288
-1.99142 0.000221252
-1.98541 0.000305176
-1.97941 0.000236511
-1.97341 0.000106812
-1.96741 0.000228882
-1.9614 0.000167847
-1.9554 0.000335693
-1.9494 0.000221252
-1.94339 0.000198364
-1.93739 0.000305176
-1.93139 0.000221252
-1.92538 0.000274658
-1.91938 0.000190735
-1.91338 0.00012207
-1.90738 0.000289917
-1.90137 0.000259399
-1.89537 0.000198364
-1.88937 0.000205994
-1.88336 0.000213623
-1.87736 0.000244141
-1.87136 0.000297546
-1.86535 0.000221252
-1.85935 0.000167847
-1.85335 0.000282288
-1.84735 0.000213623
-1.84134 0.000244141
-1.83534 0.000137329
-1.82934 0.000289917
-1.82333 0.000183105
-1.81733 0.000244141
-1.81133 0.000267029
-1.80532 0.000190735
-1.79932 0.000244141
-1.79332 0.000228882
-1.78732 0.000160217
-1.78131 0.000312805
-1.77531 0.000198364
-1.76931 0.000198364
-1.7633 0.000183105
-1.7573 0.000274658
-1.7513 0.000312805
-1.74529 0.00012207
-1.73929 0.000228882
-1.73329 0.000183105
-1.72729 0.000198364
-1.72128 0.000335693
-1.71528 0.000205994
-1.70928 0.000213623
-1.70327 0.000244141
-1.69727 0.000221252
-1.69127 0.000244141
-1.68526 0.000137329
-1.67926 0.000198364
-1.67326 0.000320435
-1.66726 0.000183105
-1.66125 0.000167847
-1.65525 0.000244141
-1.64925 0.000228882
-1.64324 0.000244141
-1.63724 0.000274658
-1.63124 0.000228882
-1.62523 0.000167847
-1.61923 0.000167847
-1.61323 0.000228882
-1.60723 0.000228882
-1.60122 0.000152588
-1.59522 0.000274658
-1.58922 0.000198364
-1.58321 0.000259399
-1.57721 0.000282288
-1.57121 0.000205994
-1.5652 0.000198364
-1.5592 0.000167847
-1.5532 0.000205994
-1.5472 0.000259399
-1.54119 0.000190735
-1.53519 0.000167847
-1.52919 0.000213623
-1.52318 0.000259399
-1.51718 0.000297546
-1.51118 0.000152588
-1.50517 0.000198364
-1.49917 0.000267029
-1.49317 0.000198364
-1.48717 0.000259399
-1.48116 0.000152588
-1.47516 0.000190735
-1.46916 0.000198364
-1.46315 0.000297546
-1.45715 0.000183105
-1.45115 0.000190735
-1.44514 0.000259399
-1.43914 0.000228882
-1.43314 0.000175476
-1.42714 0.000183105
-1.42113 0.000213623
-1.41513 0.000213623
-1.40913 0.000274658
-1.40312 0.000236511
-1.39712 0.000205994
-1.39112 0.000167847
-1.38511 0.000167847
-1.37911 0.000198364
-1.37311 0.000289917
-1.36711 0.000228882
-1.3611 0.000244141
-1.3551 0.000152588
-1.3491 0.000228882
-1.34309 0.000205994
-1.33709 0.000167847
-1.33109 0.000213623
-1.32508 0.000236511
-1.31908 0.000244141
-1.31308 0.000152588
-1.30707 0.000183105
-1.30107 0.000228882
-1.29507 0.000236511
-1.28907 0.000282288
-1.28306 0.000183105
-1.27706 0.000190735
-1.27106 0.000213623
-1.26505 0.000167847
-1.25905 0.000167847
-1.25305 0.000213623
-1.24704 0.000267029
-1.24104 0.000167847
-1.23504 0.00025177
-1.22904 0.000267029
-1.22303 0.000183105
-1.21703 0.000152588
-1.21103 0.000228882
-1.20502 0.000167847
-1.19902 0.000274658
-1.19302 0.000167847
-1.18701 0.000190735
-1.18101 0.000213623
-1.17501 0.000175476
-1.16901 0.000267029
-1.163 0.000228882
-1.157 0.000190735
-1.151 0.000152588
-1.14499 0.000274658
-1.13899 0.000198364
-1.13299 0.000198364
-1.12698 0.000167847
-1.12098 0.00025177
-1.11498 0.000152588
-1.10898 0.000167847
-1.10297 0.000228882
-1.09697 0.000282288
-1.09097 0.000228882
-1.08496 0.000137329
-1.07896 0.000183105
-1.07296 0.000244141
-1.06695 0.000144958
-1.06095 0.000259399
-1.05495 0.000259399
-1.04895 0.000152588
-1.04294 0.000152588
-1.03694 0.000183105
-1.03094 0.000198364
-1.02493 0.000267029
-1.01893 0.000282288
-1.01293 0.000175476
-1.00692 0.000160217
-1.00092 0.000213623
-0.994919 0.000198364
-0.988916 0.000137329
-0.982913 0.000228882
-0.97691 0.000244141
-0.970907 0.000167847
-0.964904 0.000228882
-0.958901 0.000228882
-0.952898 0.000213623
-0.946895 0.000152588
-0.940892 0.000205994
-0.934889 0.000198364
-0.928886 0.000137329
-0.922883 0.00025177
-0.91688 0.000137329
-0.910877 0.000289917
-0.904874 0.000236511
-0.898871 0.000137329
-0.892868 0.000190735
-0.886865 0.000167847
-0.880862 0.000289917
-0.874859 0.000183105
-0.868856 0.000175476
-0.862853 0.000152588
-0.85685 0.000259399
-0.850847 0.000175476
-0.844844 0.000183105
-0.838841 0.000213623
-0.832838 0.000236511
-0.826835 0.000236511
-0.820832 0.000137329
-0.814829 0.000152588
-0.808826 0.000244141
-0.802823 0.000175476
-0.79682 0.000228882
-0.790817 0.000267029
-0.784814 9.15527e-05
-0.778811 0.000198364
-0.772808 0.000152588
-0.766805 0.000259399
-0.760802 0.000175476
-0.754799 0.000259399
-0.748796 0.000175476
-0.742793 0.000221252
-0.73679 0.000167847
-0.730787 0.000152588
-0.724784 0.000152588
-0.718781 0.000221252
-0.712778 0.000198364
-0.706775 0.000228882
-0.700772 0.000213623
-0.694769 0.000274658
-0.688766 0.00012207
-0.682763 0.000228882
-0.67676 0.000137329
-0.670757 0.000198364
-0.664754 0.000137329
-0.658751 0.000190735
-0.652748 0.000289917
-0.646745 0.000183105
-0.640742 0.000167847
-0.634739 0.000167847
-0.628736 0.000236511
-0.622733 0.000198364
-0.61673 0.000183105
-0.610727 0.000198364
-0.604724 0.000167847
-0.598721 0.000183105
-0.592718 0.000236511
-0.586715 0.00012207
-0.580712 0.000274658
-0.574709 0.0001297
-0.568706 0.000297546
-0.562703 0.000144958
-0.5567 0.000183105
-0.550697 0.000137329
-0.544694 0.00025177
-0.538691 0.000167847
-0.532688 0.000213623
-0.526685 0.000167847
-0.520682 0.000152588
-0.514679 0.000213623
-0.508676 0.000259399
-0.502673 0.000167847
-0.49667 0.000205994
-0.490667 0.000137329
-0.484664 0.000282288
-0.478661 0.000106812
-0.472658 0.000152588
-0.466655 0.000228882
-0.460652 0.000137329
-0.454649 0.000228882
-0.448646 0.000236511
-0.442643 0.000183105
-0.43664 0.000228882
-0.430637 0.000152588
-0.424634 0.000183105
-0.418631 0.00012207
-0.412628 0.000167847
-0.406625 0.000228882
-0.400622 0.000297546
-0.394619 0.0001297
-0.388616 0.000167847
-0.382613 0.000167847
-0.37661 0.000205994
-0.370607 0.000198364
-0.364604 0.000175476
-0.358601 0.000228882
-0.352598 0.000160217
-0.346595 0.000183105
-0.340592 0.000183105
-0.334589 0.000198364
-0.328586 0.000152588
-0.322583 0.000553131
-0.31658 0.00114441
-0.310577 0.00114441
-0.304574 0.00105286
-0.298571 0.00108337
-0.292568 0.00109863
-0.286565 0.00108337
-0.280562 0.000984192
-0.274559 0.00110626
-0.268556 0.0011673
-0.262553 0.00106049
-0.25655 0.00111389
-0.250547 0.001091
-0.244544 0.00102234
-0.238541 0.00106049
-0.232538 0.00109863
-0.226535 0.00112152
-0.220532 0.00100708
-0.214529 0.00109863
-0.208526 0.0011673
-0.202523 0.000991821
-0.19652 0.00111389
-0.190517 0.00110626
-0.184514 0.0010376
-0.178511 0.00108337
-0.172508 0.00108337
-0.166505 0.00112152
-0.160502 0.000976562
-0.154499 0.00109863
-0.148496 0.00109863
-0.142493 0.00105286
-0.13649 0.00105286
-0.130487 0.00107574
-0.124484 0.00111389
-0.118481 0.000984192
-0.112478 0.00109863
-0.106475 0.00108337
-0.100472 0.001091
-0.0944687 0.001091
-0.0884657 0.00111389
-0.0824627 0.000999451
-0.0764597 0.001091
-0.0704567 0.00106812
-0.0644537 0.00115204
-0.0584507 0.0010376
-0.0524477 0.0010376
-0.0464447 0.00112915
-0.0404417 0.000976562
-0.0344387 0.00109863
-0.0284357 0.00105286
-0.0224327 0.00115204
-0.0164297 0.0010376
-0.0104267 0.00105286
-0.00442366 0.00107574
0.00157934 0.001091
0.00758234 0.00107574
0.0135853 0.00108337
0.0195883 0.00100708
0.0255913 0.00106049
0.0315943 0.00109863
0.0375973 0.00107574
0.0436004 0.00107574
0.0496034 0.00108337
0.0556064 0.00104523
0.0616094 0.00110626
0.0676124 0.00104523
0.0736154 0.000991821
0.0796184 0.00114441
0.0856214 0.00105286
0.0916244 0.00115204
0.0976274 0.000923157
0.10363 0.0011673
0.109633 0.00115204
0.115636 0.000961304
0.121639 0.00106812
0.127642 0.00114441
0.133645 0.000991821
0.139648 0.00113678
0.145651 0.001091
0.151654 0.00104523
0.157657 0.00108337
0.16366 0.00109863
0.169663 0.0010376
0.175666 0.00111389
0.181669 0.00112152
0.187672 0.000991821
0.193675 0.00113678
0.199678 0.000999451
0.205681 0.00108337
0.211684 0.00112152
0.217687 0.000968933
0.22369 0.00117493
0.229693 0.00106049
0.235696 0.00106049
0.241699 0.00118256
0.247702 0.00104523
0.253705 0.00100708
0.259708 0.00113678
0.265711 0.000968933
0.271714 0.00130463
0.277717 0.00101471
0.28372 0.00104523
0.289723 0.00112915
0.295726 0.00100708
0.301729 0.00114441
0.307732 0.00106812
0.313735 0.00108337
0.319738 0.00118256
0.325741 0.000938416
0.331744 0.00119781
0.337747 0.00105286
0.34375 0.00115204
0.349753 0.00110626
0.355756 0.0010376
0.361759 0.00112152
0.367762 0.00111389
0.373765 0.00106049
0.379768 0.00115204
0.385771 0.000976562
0.391774 0.00115204
0.397777 0.00114441
0.40378 0.00112915
0.409783 0.00113678
0.415786 0.000953674
0.421789 0.00121307
0.427792 0.001091
0.433795 0.0011673
0.439798 0.00102234
0.445801 0.00112915
0.451804 0.00121307
0.457807 0.00104523
0.46381 0.00112152
0.469813 0.00102997
0.475816 0.00123596
0.481819 0.00104523
0.487822 0.00115967
0.493825 0.001091
0.499828 0.00112152
0.505831 0.00117493
0.511834 0.00108337
0.517837 0.00120544
0.52384 0.00106049
0.529843 0.00121307
0.535846 0.000984192
0.541849 0.00118256
0.547852 0.00118256
0.553855 0.00112152
0.559858 0.00120544
0.565861 0.00101471
0.571864 0.00119781
0.577867 0.00106812
0.58387 0.00115204
0.589873 0.00125122
0.595876 0.00115967
0.601879 0.00106812
0.607882 0.0011673
0.613885 0.00125122
0.619888 0.00101471
0.625891 0.00124359
0.631894 0.00113678
0.637897 0.00119781
0.643901 0.00122833
0.649904 0.000946045
0.655907 0.00128174
0.66191 0.00110626
0.667913 0.00121307
0.673916 0.00126648
0.679919 0.00106049
0.685922 0.00126648
0.691925 0.00112152
0.697928 0.00122833
0.703931 0.00111389
0.709934 0.00131989
0.715937 0.00115967
0.72194 0.00112152
0.727943 0.00136566
0.733946 0.000976562
0.739949 0.00131226
0.745952 0.00119019
0.751955 0.00113678
0.757958 0.00134277
0.763961 0.00104523
0.769964 0.00137329
0.775967 0.00112915
0.78197 0.00124359
0.787973 0.001297
0.793976 0.00110626
0.799979 0.00119781
0.805982 0.00130463
0.811985 0.00126648
0.817988 0.00125122
0.823991 0.00121307
0.829994 0.00122833
0.835997 0.00126648
0.842 0.00124359
0.848003 0.00122833
0.854006 0.00127411
0.860009 0.00126648
0.866012 0.00128174
0.872015 0.00124359
0.878018 0.00131989
0.884021 0.0012207
0.890024 0.00131989
0.896027 0.00128937
0.90203 0.00131226
0.908033 0.00120544
0.914036 0.00138855
0.920039 0.00124359
0.926042 0.00132751
0.932045 0.00135803
0.938048 0.00130463
0.944051 0.00121307
0.950054 0.00138855
0.956057 0.00132751
0.96206 0.00131226
0.968063 0.00144196
0.974066 0.00131226
0.980069 0.00131989
0.986072 0.00140381
0.992075 0.00134277
0.998078 0.00137329
1.00408 0.0013504
1.01008 0.00141907
1.01609 0.00147247
1.02209 0.00134277
1.02809 0.00151062
1.0341 0.00136566
1.0401 0.00136566
1.0461 0.00156403
1.0521 0.00121307
1.05811 0.00153351
1.06411 0.00149536
1.07011 0.00146484
1.07612 0.00151062
1.08212 0.00143433
1.08812 0.00138855
1.09413 0.00154114
1.10013 0.00154114
1.10613 0.00149536
1.11213 0.00154877
1.11814 0.00159454
1.12414 0.00150299
1.13014 0.00151825
1.13615 0.00161743
1.14215 0.00157928
1.14815 0.00162506
1.15416 0.00162506
1.16016 0.00158691
1.16616 0.00173187
1.17216 0.00161743
1.17817 0.00164795
1.18417 0.00175476
1.19017 0.00167847
1.19618 0.00175476
1.20218 0.0018158
1.20818 0.00180817
1.21419 0.00184631
1.22019 0.00180054
1.22619 0.00193024
1.23219 0.00180054
1.2382 0.00205231
1.2442 0.00206757
1.2502 0.00211334
1.25621 0.00218964
1.26221 0.00222015
1.26821 0.00251007
1.27422 0.00280762
1.28022 0.00294876
1.28622 0.00248718
1.29222 0.0022583
1.29823 0.00223541
1.30423 0.00209808
1.31023 0.00210571
1.31624 0.00188446
1.32224 0.00195312
1.32824 0.00198364
1.33425 0.00188446
1.34025 0.00170135
1.34625 0.00183105
1.35225 0.00180054
1.35826 0.00163269
1.36426 0.00169373
1.37026 0.00180054
1.37627 0.00157928
1.38227 0.00171661
1.38827 0.00164032
1.39428 0.00154114
1.40028 0.00161743
1.40628 0.00165558
1.41228 0.00151062
1.41829 0.00158691
1.42429 0.00152588
1.43029 0.00146484
1.4363 0.00156403
1.4423 0.00151825
1.4483 0.00151062
1.45431 0.00147247
1.46031 0.0014267
1.46631 0.00147247
1.47231 0.00138855
1.47832 0.00147247
1.48432 0.00141907
1.49032 0.00136566
1.49633 0.00143433
1.50233 0.00154114
1.50833 0.00126648
1.51434 0.00134277
1.52034 0.00145721
1.52634 0.00128937
1.53234 0.00138855
1.53835 0.00138092
1.54435 0.001297
1.55035 0.00137329
1.55636 0.00131226
1.56236 0.00125885
1.56836 0.001297
1.57437 0.00138092
1.58037 0.00134277
1.58637 0.001297
1.59237 0.00125885
1.59838 0.00122833
1.60438 0.00124359
1.61038 0.00122833
1.61639 0.00130463
1.62239 0.00134277
1.62839 0.0012207
1.6344 0.0011673
1.6404 0.00125885
1.6464 0.00125122
1.6524 0.0011673
1.65841 0.00125885
1.66441 0.00126648
1.67041 0.00112915
1.67642 0.00115967
1.68242 0.00128937
1.68842 0.00115204
1.69443 0.0012207
1.70043 0.0011673
1.70643 0.00119019
1.71243 0.00115204
1.71844 0.00115204
1.72444 0.00121307
1.73044 0.00110626
1.73645 0.0011673
1.74245 0.00112915
1.74845 0.0011673
1.75446 0.0012207
1.76046 0.00113678
1.76646 0.00102997
1.77246 0.00115204
1.77847 0.00115204
1.78447 0.00115967
1.79047 0.00110626
1.79648 0.00106812
1.80248 0.00114441
1.80848 0.00108337
1.81449 0.00109863
1.82049 0.00104523
1.82649 0.00125122
1.83249 0.000991821
1.8385 0.00107574
1.8445 0.00108337
1.8505 0.001091
1.85651 0.00109863
1.86251 0.00110626
1.86851 0.00104523
1.87452 0.00106812
1.88052 0.0010376
1.88652 0.00108337
1.89252 0.00104523
1.89853 0.00108337
1.90453 0.00100708
1.91053 0.00101471
1.91654 0.001091
1.92254 0.0010376
1.92854 0.00106812
1.93455 0.00105286
1.94055 0.00101471
1.94655 0.000984192
1.95255 0.00106812
1.95856 0.000999451
1.96456 0.00102997
1.97056 0.00105286
1.97657 0.000907898
1.98257 0.00106049
1.98857 0.000984192
1.99458 0.00107574
2.00058 0.000984192
2.00658 0.000991821
2.01258 0.000946045
2.01859 0.0010376
2.02459 0.00102997
2.03059 0.00100708
2.0366 0.000999451
2.0426 0.000946045
2.0486 0.000923157
2.05461 0.00100708
2.06061 0.000976562
2.06661 0.000976562
2.07261 0.000953674
2.07862 0.00101471
2.08462 0.000953674
2.09062 0.000953674
2.09663 0.000976562
2.10263 0.000953674
2.10863 0.000892639
2.11464 0.00106812
2.12064 0.000831604
2.12664 0.00101471
2.13264 0.000907898
2.13865 0.000953674
2.14465 0.000968933
2.15065 0.000976562
2.15666 0.000938416
2.16266 0.00088501
2.16866 0.000930786
2.17467 0.000953674
2.18067 0.000839233
2.18667 0.000953674
2.19267 0.000976562
2.19868 0.000900269
2.20468 0.000953674
2.21068 0.000900269
2.21669 0.00088501
2.22269 0.000946045
2.22869 0.00087738
2.2347 0.000915527
2.2407 0.000961304
2.2467 0.000938416
2.2527 0.000915527
2.25871 0.00087738
2.26471 0.000862122
2.27071 0.000938416
2.27672 0.000831604
2.28272 0.000923157
2.28872 0.000862122
2.29473 0.000900269
2.30073 0.000907898
2.30673 0.000869751
2.31273 0.000907898
2.31874 0.000839233
2.32474 0.000923157
2.33074 0.000862122
2.33675 0.000869751
2.34275 0.000869751
2.34875 0.00087738
2.35476 0.000854492
2.36076 0.000961304
2.36676 0.00075531
2.37276 0.000923157
2.37877 0.000839233
2.38477 0.000869751
2.39077 0.000816345
2.39678 0.000869751
2.40278 0.000900269
2.40878 0.000900269
2.41479 0.000785828
2.42079 0.000854492
2.42679 0.00088501
2.43279 0.000808716
2.4388 0.000854492
2.4448 0.000846863
2.4508 0.000846863
2.45681 0.000823975
2.46281 0.000862122
2.46881 0.000862122
2.47482 0.000804901

